n_edges_total,median_log_reproducibility,max_log_reproducibility,mean_log_reproducibility,n_edges_ge_0.30,frac_edges_ge_0.30,n_edges_ge_0.50,frac_edges_ge_0.50,permutation
1024,0.17290372030701118,1.0283292072826782,0.19801573442896314,198,0.193359375,41,0.0400390625,1
1024,0.14569445841431944,1.288147872740955,0.1815246248442569,168,0.1640625,42,0.041015625,2
1024,0.17892815447329724,0.9884898451678276,0.20027185879600856,212,0.20703125,39,0.0380859375,3
1024,0.14783280411983,0.9548725316322926,0.1753149534941457,159,0.1552734375,29,0.0283203125,4
1024,0.16260895990571925,0.8976450047549553,0.18659309139620822,180,0.17578125,31,0.0302734375,5
1024,0.15420701222840097,0.8724493836745493,0.19107626339932857,191,0.1865234375,52,0.05078125,6
1024,0.17127494498876145,1.0049248829582635,0.19530988941186628,204,0.19921875,41,0.0400390625,7
1024,0.15729566855275248,1.1895757485443543,0.18530835852433708,191,0.1865234375,32,0.03125,8
1024,0.171635634360457,1.1569666143718849,0.19512100976853944,209,0.2041015625,40,0.0390625,9
1024,0.162446085333362,0.8698786251178175,0.19003651485963252,195,0.1904296875,45,0.0439453125,10
1024,0.16341687148165657,1.1577930988519687,0.19428896868593748,205,0.2001953125,42,0.041015625,11
1024,0.17843310750953112,1.0497788451527388,0.20641709591173305,223,0.2177734375,42,0.041015625,12
1024,0.1469560667514505,0.9179757553504034,0.1733320235930981,143,0.1396484375,25,0.0244140625,13
1024,0.15602516706278052,1.0730960132951162,0.18632284529018597,196,0.19140625,43,0.0419921875,14
1024,0.16249786689390872,1.3088305928903106,0.1934703255044202,188,0.18359375,48,0.046875,15
1024,0.1732957732680453,1.2912593549591334,0.20396837277323177,215,0.2099609375,48,0.046875,16
1024,0.1539358740076595,0.8680060873414852,0.1845621855858941,185,0.1806640625,36,0.03515625,17
1024,0.14752058128722217,0.9822229709323436,0.18528095755553348,194,0.189453125,46,0.044921875,18
1024,0.1707439854734069,0.9364174875876937,0.1923901912281899,197,0.1923828125,32,0.03125,19
1024,0.1689332663403162,1.082972238233563,0.2021246316171949,223,0.2177734375,53,0.0517578125,20
1024,0.17610771697222588,1.061294073137406,0.19649911585603483,196,0.19140625,36,0.03515625,21
1024,0.16053701489750863,0.9135662235674692,0.18184444919023135,152,0.1484375,32,0.03125,22
1024,0.16397532007398538,1.05011205030017,0.19595039876467407,215,0.2099609375,43,0.0419921875,23
1024,0.1640164731755117,0.9551524164351011,0.19131033515173743,201,0.1962890625,44,0.04296875,24
1024,0.17435969748493846,1.2131756281181447,0.20225473750401865,215,0.2099609375,50,0.048828125,25
1024,0.16002481215506653,0.9736546999024985,0.19103495663705186,184,0.1796875,44,0.04296875,26
1024,0.15293623490594394,0.9656972815026521,0.18901547266154706,196,0.19140625,43,0.0419921875,27
1024,0.15713654107913305,1.0010889927278823,0.18740628324271777,177,0.1728515625,40,0.0390625,28
1024,0.1818006986303397,0.8913239747781109,0.2058948115801189,229,0.2236328125,50,0.048828125,29
1024,0.1712532657696251,1.0859385573090279,0.20234193460173405,203,0.1982421875,46,0.044921875,30
1024,0.17656769196793265,1.0041916027291977,0.20596528581779389,214,0.208984375,46,0.044921875,31
1024,0.17326183975642356,1.0133831563213174,0.20166008715381986,219,0.2138671875,53,0.0517578125,32
1024,0.16400715495998636,0.948409861185324,0.1926676173912159,193,0.1884765625,49,0.0478515625,33
1024,0.16540967126103956,1.0882558903170265,0.18850788105281044,184,0.1796875,26,0.025390625,34
1024,0.17733122813846253,0.8916032458674571,0.2002399536342638,210,0.205078125,41,0.0400390625,35
1024,0.17170339377805813,1.1765779706709987,0.19877933860232205,217,0.2119140625,40,0.0390625,36
1024,0.15848199190382972,0.938594859764602,0.1893157348028055,193,0.1884765625,47,0.0458984375,37
1024,0.17532451780868324,1.130347120215689,0.2074873642672769,231,0.2255859375,60,0.05859375,38
1024,0.1623090204718809,1.1360790760849055,0.18949448312555933,174,0.169921875,40,0.0390625,39
1024,0.16767922370899893,1.152255203426159,0.19447731112829453,196,0.19140625,40,0.0390625,40
1024,0.17034544814874852,1.3758708635682355,0.19178060551635728,192,0.1875,36,0.03515625,41
1024,0.16548307531138112,1.0116619276232535,0.18999499978869772,169,0.1650390625,39,0.0380859375,42
1024,0.17077250087559415,1.0892467550318197,0.1985936122720571,226,0.220703125,54,0.052734375,43
1024,0.16665941021662212,0.9659236812809078,0.19738830610094427,216,0.2109375,45,0.0439453125,44
1024,0.16755287593530935,0.9441412359646313,0.19274090758535284,203,0.1982421875,39,0.0380859375,45
1024,0.16460981198186775,0.870073428849795,0.19297953081235197,199,0.1943359375,41,0.0400390625,46
1024,0.16122462108144542,0.9659529886985845,0.1841663374854913,167,0.1630859375,26,0.025390625,47
1024,0.1583473088188167,0.805743410098707,0.1878708790318317,177,0.1728515625,32,0.03125,48
1024,0.16730928771272613,0.9093408417546974,0.19389608152687515,198,0.193359375,38,0.037109375,49
1024,0.15228922538894707,1.1177111432879008,0.18086756012034538,162,0.158203125,36,0.03515625,50
1024,0.1742381161094847,1.0620735976743083,0.2022105299569092,216,0.2109375,42,0.041015625,51
1024,0.17369383794580046,1.172540839305399,0.1961039553547902,195,0.1904296875,48,0.046875,52
1024,0.1626657020182768,1.0969183754040959,0.19162207163382564,197,0.1923828125,32,0.03125,53
1024,0.17220038554348477,1.0173212209259426,0.20305999714778827,207,0.2021484375,50,0.048828125,54
1024,0.18102318633426528,0.8918952873817921,0.20562656469217722,230,0.224609375,39,0.0380859375,55
1024,0.1592961046675034,0.9205030714277306,0.18511374131562688,176,0.171875,33,0.0322265625,56
1024,0.16815157878095988,0.8741467889663237,0.196984564114312,215,0.2099609375,41,0.0400390625,57
1024,0.16025018669902272,1.1005911373387998,0.18884181873086808,189,0.1845703125,36,0.03515625,58
1024,0.16211875371173548,1.0465107742462845,0.18849392333406131,182,0.177734375,38,0.037109375,59
1024,0.1539814827743134,1.1474798861463376,0.18296591291546666,177,0.1728515625,32,0.03125,60
1024,0.16888886659413183,0.8881064330133596,0.1883946415774367,188,0.18359375,30,0.029296875,61
1024,0.16020191267771672,1.1907510489560453,0.1854825043912232,162,0.158203125,30,0.029296875,62
1024,0.15691045083113936,1.3290385291191749,0.19008479841436673,201,0.1962890625,38,0.037109375,63
1024,0.15863703453968203,0.795942861144303,0.18234948813535315,177,0.1728515625,28,0.02734375,64
1024,0.16243446890879149,0.9866621229691358,0.1860925887787949,182,0.177734375,31,0.0302734375,65
1024,0.1625399548136509,1.0747515586074154,0.19361749004456286,194,0.189453125,39,0.0380859375,66
1024,0.17924923780593932,0.99791405865109,0.20108095768209916,219,0.2138671875,43,0.0419921875,67
1024,0.17110334568525992,1.166182952684446,0.19577298435128176,196,0.19140625,39,0.0380859375,68
1024,0.16568973211756383,0.9667216311076545,0.18926483734329194,194,0.189453125,34,0.033203125,69
1024,0.16849923626874225,1.0563635435288563,0.20156565950268596,211,0.2060546875,53,0.0517578125,70
1024,0.17055969168334464,0.7835105756311955,0.18776922404161683,173,0.1689453125,30,0.029296875,71
1024,0.15728772050925457,0.9957848912892994,0.18768373233646773,200,0.1953125,40,0.0390625,72
1024,0.16693023283955258,0.9767528647910476,0.19687284938976157,203,0.1982421875,50,0.048828125,73
1024,0.15256697901953586,0.9579202415765523,0.1808517232435671,177,0.1728515625,34,0.033203125,74
1024,0.16077788184405278,0.8833281142618993,0.18756212439204878,192,0.1875,40,0.0390625,75
1024,0.16432877607316526,0.9949642919062318,0.19667622448632896,195,0.1904296875,45,0.0439453125,76
1024,0.1585112202559258,1.0077523370428163,0.18753341352591116,186,0.181640625,34,0.033203125,77
1024,0.16913277393815063,0.9347862423475443,0.19476077327430946,184,0.1796875,37,0.0361328125,78
1024,0.17224651957094606,0.9407401453610775,0.19801714410990706,207,0.2021484375,42,0.041015625,79
1024,0.15966824293736376,0.8763365419372309,0.19237706303784435,200,0.1953125,51,0.0498046875,80
1024,0.15717240528460816,0.9460185042187962,0.1881311995193996,182,0.177734375,37,0.0361328125,81
1024,0.16204143771061927,0.9748404222217112,0.19073642349304165,186,0.181640625,43,0.0419921875,82
1024,0.1760870514868509,0.9409109060072977,0.2037662916773953,219,0.2138671875,46,0.044921875,83
1024,0.16186519984408926,0.9015673185059134,0.18970977720561993,194,0.189453125,41,0.0400390625,84
1024,0.17766470919089433,0.963909471233778,0.20673346214033891,235,0.2294921875,59,0.0576171875,85
1024,0.15341900884415074,1.2148064307828064,0.17822328996704345,164,0.16015625,29,0.0283203125,86
1024,0.16132001686071484,0.9519729037730121,0.18364283322782382,175,0.1708984375,42,0.041015625,87
1024,0.15484606627604292,0.8145625605747845,0.18173752021791664,158,0.154296875,36,0.03515625,88
1024,0.16680367436854499,1.1130010608490086,0.19916341938551063,212,0.20703125,45,0.0439453125,89
1024,0.17745404832752953,1.2800197090625798,0.20359419443553922,208,0.203125,51,0.0498046875,90
1024,0.15808291365795252,0.9482967986748789,0.18652578310145643,200,0.1953125,36,0.03515625,91
1024,0.15977097450861105,1.15899676944457,0.19059002260964847,181,0.1767578125,41,0.0400390625,92
1024,0.169319815462857,1.0531427024187139,0.19735882308057845,214,0.208984375,44,0.04296875,93
1024,0.15726846757775892,1.0249579569345257,0.1863687488228658,175,0.1708984375,36,0.03515625,94
1024,0.164127214091337,1.1487856271222063,0.19317966353204413,194,0.189453125,37,0.0361328125,95
1024,0.15577922418705853,1.0121517358133794,0.18647552569344694,168,0.1640625,47,0.0458984375,96
1024,0.1624173392568517,1.1119240056568087,0.19389305320776723,220,0.21484375,40,0.0390625,97
1024,0.17024657747077343,1.1134517761242797,0.19799278220336797,212,0.20703125,40,0.0390625,98
1024,0.15601928550599836,0.9869059441623974,0.183244230360049,173,0.1689453125,36,0.03515625,99
1024,0.15861762213628947,0.9121207421175762,0.19698978830826927,209,0.2041015625,61,0.0595703125,100
1024,0.17398317250113765,1.0453701932388895,0.2019851926683413,214,0.208984375,50,0.048828125,101
1024,0.1774351980464052,0.9245012296030544,0.20489370339497334,227,0.2216796875,45,0.0439453125,102
1024,0.15624566678362806,0.9488080843557615,0.18688741006325815,186,0.181640625,34,0.033203125,103
1024,0.15912417984310817,1.0097010487482192,0.19070214066382038,199,0.1943359375,36,0.03515625,104
1024,0.16845969475734615,0.864548755666305,0.19546623889249762,207,0.2021484375,44,0.04296875,105
1024,0.16635789479944957,1.0916016441289091,0.19366148768732544,213,0.2080078125,30,0.029296875,106
1024,0.1623407093812419,1.125715616344638,0.18778516341075235,167,0.1630859375,35,0.0341796875,107
1024,0.16472021174741824,1.1943573839706283,0.19484717488908035,194,0.189453125,45,0.0439453125,108
1024,0.16635176061751228,1.1281893211086653,0.19071190869494326,186,0.181640625,36,0.03515625,109
1024,0.17382101496131397,0.8397085715877468,0.19390642237350378,188,0.18359375,34,0.033203125,110
1024,0.16005375754285867,1.0977813441599797,0.19241078000060224,196,0.19140625,42,0.041015625,111
1024,0.15861806002687312,0.8693424225723474,0.18692804137372482,181,0.1767578125,38,0.037109375,112
1024,0.15921733244880895,1.114341538519641,0.19114175800667355,186,0.181640625,40,0.0390625,113
1024,0.15794421728481295,0.963921032555542,0.1885681385472685,187,0.1826171875,36,0.03515625,114
1024,0.15421405404703742,0.7917089679844829,0.18215097842654798,191,0.1865234375,28,0.02734375,115
1024,0.1647494967651844,0.8659247357749685,0.1923224137004837,203,0.1982421875,33,0.0322265625,116
1024,0.15760497327867912,0.8865255097032696,0.18879871341657659,193,0.1884765625,41,0.0400390625,117
1024,0.17334693952880287,1.057857355086033,0.19446982042462552,201,0.1962890625,41,0.0400390625,118
1024,0.1696630438278094,1.2920872812894584,0.1976917208097953,198,0.193359375,48,0.046875,119
1024,0.16202323977166735,0.8882672743845212,0.18329037532735604,158,0.154296875,34,0.033203125,120
1024,0.16360854999784077,1.1444601821031106,0.1809622561330137,156,0.15234375,24,0.0234375,121
1024,0.16807046343061377,0.9046415356113995,0.19027791630874558,188,0.18359375,33,0.0322265625,122
1024,0.17216491253580798,1.1538981476849477,0.1991493913583639,207,0.2021484375,44,0.04296875,123
1024,0.16548222010295163,0.8510086281630659,0.19793317032671762,215,0.2099609375,47,0.0458984375,124
1024,0.1703499158714678,1.0048701135042692,0.19357173968317598,190,0.185546875,39,0.0380859375,125
1024,0.1588723474763586,1.074494431402926,0.19164949292892886,193,0.1884765625,39,0.0380859375,126
1024,0.14984936140522137,1.1013804425015352,0.18570700882849464,174,0.169921875,45,0.0439453125,127
1024,0.15724759165067292,0.9333398978237971,0.18465926743825428,178,0.173828125,29,0.0283203125,128
1024,0.15688882716419142,1.0601500994585598,0.18403216324038532,177,0.1728515625,35,0.0341796875,129
1024,0.16938937071740479,1.0007613692406137,0.19522392029789148,193,0.1884765625,40,0.0390625,130
1024,0.16773846714976676,0.8513797201468457,0.19232784127552932,202,0.197265625,35,0.0341796875,131
1024,0.16075150958205248,1.4168283929227827,0.18475706889158522,157,0.1533203125,35,0.0341796875,132
1024,0.17660997326822797,1.112451903030141,0.20584792224815007,218,0.212890625,50,0.048828125,133
1024,0.1529661301425365,1.0414241760035583,0.1848010481895057,173,0.1689453125,37,0.0361328125,134
1024,0.16695225866409352,0.862562489148537,0.1868213717642856,170,0.166015625,33,0.0322265625,135
1024,0.17239209596465002,1.103361061864217,0.20824576966081745,222,0.216796875,58,0.056640625,136
1024,0.15171571029260109,0.9507052192239904,0.18344695247724188,172,0.16796875,45,0.0439453125,137
1024,0.17012750562060347,0.9832651723088476,0.19521033856836564,191,0.1865234375,37,0.0361328125,138
1024,0.17381507292868761,0.9678806837800319,0.19992108967416203,201,0.1962890625,41,0.0400390625,139
1024,0.17262100206430064,0.8800513185180963,0.19738123639162727,210,0.205078125,34,0.033203125,140
1024,0.1694314003346771,1.0107562073943483,0.1891197991572824,170,0.166015625,32,0.03125,141
1024,0.17580423288720248,1.1164607181018473,0.20121447856126518,212,0.20703125,42,0.041015625,142
1024,0.16677595094593373,0.9489916007893193,0.19768577778366597,215,0.2099609375,40,0.0390625,143
1024,0.17150969820974943,1.013553570055665,0.19332558596919858,193,0.1884765625,38,0.037109375,144
1024,0.16947859327926362,0.9417802033616345,0.19333782441489072,203,0.1982421875,44,0.04296875,145
1024,0.1709435564819114,0.9076646115632145,0.20175834638014226,238,0.232421875,36,0.03515625,146
1024,0.18655020584640047,1.1712411310932365,0.20643500695713474,226,0.220703125,36,0.03515625,147
1024,0.17144150584037982,1.077169480358319,0.19795582584224108,198,0.193359375,45,0.0439453125,148
1024,0.1535504982015269,1.1029695720981345,0.1836365820008741,195,0.1904296875,37,0.0361328125,149
1024,0.1649047204629588,1.0566828314626393,0.19064055780904438,191,0.1865234375,36,0.03515625,150
1024,0.15845960861062003,1.0925437393689856,0.1890573725426672,181,0.1767578125,38,0.037109375,151
1024,0.15674525521265364,0.9210541275840225,0.18026577519355486,168,0.1640625,27,0.0263671875,152
1024,0.15983655965693103,0.8403425115459755,0.18763991658880652,184,0.1796875,37,0.0361328125,153
1024,0.17144131654348402,0.979745394991282,0.19849743608619455,210,0.205078125,49,0.0478515625,154
1024,0.15818198585190668,0.9796800459600097,0.18103869330720634,163,0.1591796875,32,0.03125,155
1024,0.16954435243246033,0.968187644969869,0.19104626773457023,180,0.17578125,37,0.0361328125,156
1024,0.15976300399344368,1.1271360394177616,0.19294421491188452,206,0.201171875,40,0.0390625,157
1024,0.1660424597714215,0.900347899234117,0.19957422275102094,219,0.2138671875,44,0.04296875,158
1024,0.15096670373937687,1.036254438795726,0.1929930486572285,210,0.205078125,51,0.0498046875,159
1024,0.16003296817336293,1.046236648744511,0.1929635515513781,197,0.1923828125,48,0.046875,160
1024,0.16752701878117368,1.0599589942636418,0.1941271361613575,179,0.1748046875,46,0.044921875,161
1024,0.15722684379734572,1.0448343636939337,0.18928201271491804,181,0.1767578125,44,0.04296875,162
1024,0.1703733298454692,0.9110615446468598,0.19673244025955378,189,0.1845703125,56,0.0546875,163
1024,0.15245319204604302,0.9841712889446583,0.178573910493782,168,0.1640625,33,0.0322265625,164
1024,0.16086274523621358,1.2019498032497475,0.1972400681359465,201,0.1962890625,51,0.0498046875,165
1024,0.14879123280328171,1.1067390352913977,0.18128005619217544,170,0.166015625,33,0.0322265625,166
1024,0.16665936326916603,1.0538264557521895,0.18811689292755254,190,0.185546875,32,0.03125,167
1024,0.14928887214816228,0.9971456358204049,0.17964667152373706,175,0.1708984375,29,0.0283203125,168
1024,0.16089774934926127,0.9131471554288126,0.18778893745422665,189,0.1845703125,36,0.03515625,169
1024,0.15930996121602725,0.8169744364129047,0.18375324793067063,174,0.169921875,31,0.0302734375,170
1024,0.15194803508957158,0.9459152909232387,0.18676916451589148,185,0.1806640625,44,0.04296875,171
1024,0.1646632212852947,0.9043593990358645,0.19008710758042124,189,0.1845703125,43,0.0419921875,172
1024,0.1740046459910623,1.1182867971465091,0.20011768836751356,214,0.208984375,46,0.044921875,173
1024,0.16803717704656607,0.9306911284102649,0.19286331074199003,191,0.1865234375,36,0.03515625,174
1024,0.15730913315870948,0.938274133701687,0.18845423768885278,186,0.181640625,39,0.0380859375,175
1024,0.16643399887824842,1.0859841436922502,0.19041193926435124,185,0.1806640625,34,0.033203125,176
1024,0.15909899068216987,0.8056795405911579,0.19096281388067393,195,0.1904296875,42,0.041015625,177
1024,0.15161095430910926,0.7940643375302187,0.1794765281934922,162,0.158203125,33,0.0322265625,178
1024,0.16939919918490448,1.0938028327864953,0.19300808909845996,202,0.197265625,42,0.041015625,179
1024,0.15309601549895813,1.0093698066696029,0.17866259790422517,161,0.1572265625,27,0.0263671875,180
1024,0.15463324438433768,1.0759998384935048,0.18189152969393496,170,0.166015625,30,0.029296875,181
1024,0.16667110456825474,0.9429979900166454,0.19243109712277126,206,0.201171875,33,0.0322265625,182
1024,0.15885392817610727,0.9333308373734625,0.1878689241993029,185,0.1806640625,41,0.0400390625,183
1024,0.15043054261293876,1.1132492892051054,0.17246123269712818,160,0.15625,23,0.0224609375,184
1024,0.15949261257542371,1.0341695231784451,0.19548736707945671,211,0.2060546875,51,0.0498046875,185
1024,0.17598111184573095,0.8888103807811341,0.19984953770335948,210,0.205078125,40,0.0390625,186
1024,0.14585351245173495,0.9285665435577521,0.1753332345302273,167,0.1630859375,30,0.029296875,187
1024,0.17811876435052953,1.1313405402246213,0.20516214523521598,236,0.23046875,45,0.0439453125,188
1024,0.16913755245499784,1.233437613736863,0.2025992374688087,214,0.208984375,55,0.0537109375,189
1024,0.1660577413843365,0.8709560229587523,0.19611354691925031,194,0.189453125,45,0.0439453125,190
1024,0.1711932208175697,0.8830395002533429,0.1937180512217933,200,0.1953125,34,0.033203125,191
1024,0.159081257903967,1.1211369052607307,0.19405153637432918,182,0.177734375,50,0.048828125,192
1024,0.15142820976803484,0.9619721534484449,0.1838223868901892,181,0.1767578125,37,0.0361328125,193
1024,0.14925365501842802,1.1037989862677986,0.18083965237144078,173,0.1689453125,28,0.02734375,194
1024,0.1563395283397051,0.9464399020315079,0.19241730463564982,197,0.1923828125,41,0.0400390625,195
1024,0.15431336886985797,1.0145398595801178,0.1815590917985491,173,0.1689453125,38,0.037109375,196
1024,0.15531920276927935,0.8967920172018147,0.18423327912237467,179,0.1748046875,36,0.03515625,197
1024,0.174062972064012,1.1512827207233725,0.19790003327738315,195,0.1904296875,49,0.0478515625,198
1024,0.1619136761832542,0.9134472897276031,0.18719533033438512,166,0.162109375,37,0.0361328125,199
1024,0.15055520774781445,0.8625216853929617,0.1887033282884898,192,0.1875,57,0.0556640625,200
1024,0.15822643965385225,0.8645621646509725,0.18983959458911526,189,0.1845703125,41,0.0400390625,201
1024,0.15445353184763636,0.9536887052285848,0.18814215643222298,186,0.181640625,50,0.048828125,202
1024,0.16853122539956866,1.0550110737832998,0.19072383042830215,185,0.1806640625,35,0.0341796875,203
1024,0.15633563998110706,0.968317585147694,0.19082400684943018,190,0.185546875,49,0.0478515625,204
1024,0.16253592759407298,0.8350207543230898,0.1826129902918913,179,0.1748046875,17,0.0166015625,205
1024,0.1512438787441783,0.8126906930634215,0.1812364140226005,176,0.171875,35,0.0341796875,206
1024,0.1533691109580387,1.1520872988689514,0.17982130540101848,161,0.1572265625,27,0.0263671875,207
1024,0.18544585690402338,0.8963994365623175,0.20846234285346252,238,0.232421875,52,0.05078125,208
1024,0.15558517170352382,1.0861590595415644,0.1839108949796534,168,0.1640625,30,0.029296875,209
1024,0.16626584430822364,1.0165941603330857,0.19665748598760868,201,0.1962890625,42,0.041015625,210
1024,0.14331018683237778,1.107011668677991,0.1685739263943628,134,0.130859375,20,0.01953125,211
1024,0.17001669644527917,1.0470472365550996,0.19236149068796454,190,0.185546875,39,0.0380859375,212
1024,0.17270270297065948,1.1622770426222158,0.20309742637314868,210,0.205078125,50,0.048828125,213
1024,0.16708673628765544,1.1790391288290751,0.19610556621462455,188,0.18359375,41,0.0400390625,214
1024,0.15346229210153184,1.111142091121715,0.18377950745319127,176,0.171875,33,0.0322265625,215
1024,0.14942039936492071,0.9826327461187686,0.18262240608448294,172,0.16796875,34,0.033203125,216
1024,0.15604921608066502,0.924726262455112,0.17829576732391422,178,0.173828125,26,0.025390625,217
1024,0.15434884288568146,1.0303628880297853,0.1819461204391522,167,0.1630859375,29,0.0283203125,218
1024,0.1482374355825722,1.0798720003615128,0.17805433759800932,161,0.1572265625,36,0.03515625,219
1024,0.17216975016645586,0.8922276383843244,0.19863445008624642,213,0.2080078125,47,0.0458984375,220
1024,0.1726468708585161,0.9550904631824737,0.1956204633706106,189,0.1845703125,42,0.041015625,221
1024,0.16082527297457572,1.131183482234444,0.1889675384442014,199,0.1943359375,38,0.037109375,222
1024,0.1753988781000128,1.0332365667306558,0.1988067944725579,202,0.197265625,42,0.041015625,223
1024,0.15928471389456897,0.8711951470929914,0.18276194597154416,156,0.15234375,32,0.03125,224
1024,0.1683936136598696,1.1003775137614216,0.19934555151524003,201,0.1962890625,47,0.0458984375,225
1024,0.16870717604400004,0.9245724787104962,0.19680211465551845,216,0.2109375,45,0.0439453125,226
1024,0.15331969947168606,0.8037223794953982,0.17844076468255932,175,0.1708984375,19,0.0185546875,227
1024,0.17291725405195366,0.9314942475189012,0.19492344744553386,195,0.1904296875,42,0.041015625,228
1024,0.17479662455189554,0.9399685479689679,0.20166000699758738,214,0.208984375,41,0.0400390625,229
1024,0.1769439371815419,1.0846341774483188,0.2026786355571649,213,0.2080078125,41,0.0400390625,230
1024,0.15630652313077487,1.269204945915373,0.1889301314215251,194,0.189453125,42,0.041015625,231
1024,0.14528344654973263,1.0944575070383304,0.17286286460097353,161,0.1572265625,32,0.03125,232
1024,0.17270417422398815,0.9857923093290112,0.1994699215756895,207,0.2021484375,44,0.04296875,233
1024,0.15627981938825292,0.8882443312498869,0.18643940072546727,186,0.181640625,31,0.0302734375,234
1024,0.16723562192780922,1.1031624955268668,0.19454031041851866,198,0.193359375,34,0.033203125,235
1024,0.16608861157642907,1.1040178138566232,0.19206579665334625,192,0.1875,40,0.0390625,236
1024,0.1586767732181773,0.8546739202618101,0.19139562977843017,200,0.1953125,44,0.04296875,237
1024,0.15814420175219077,1.1194358863162608,0.1886840248671748,186,0.181640625,46,0.044921875,238
1024,0.1719564973338632,1.1910422385397792,0.20709728722395515,223,0.2177734375,59,0.0576171875,239
1024,0.15006000905572997,1.0916899219105507,0.1797477761833442,156,0.15234375,37,0.0361328125,240
1024,0.1785491805952443,1.1375984890048771,0.19936432829023304,209,0.2041015625,36,0.03515625,241
1024,0.17071509589907502,1.1742053222871744,0.1984937031768371,217,0.2119140625,45,0.0439453125,242
1024,0.156362020668702,1.0125794105918822,0.185251706033449,177,0.1728515625,43,0.0419921875,243
1024,0.1656569734541325,1.1390526917944828,0.1989537333075539,209,0.2041015625,49,0.0478515625,244
1024,0.16079057173496947,1.0661339965738263,0.1900536330459604,196,0.19140625,42,0.041015625,245
1024,0.16217770786853164,0.9456376510517847,0.18667066249704536,176,0.171875,39,0.0380859375,246
1024,0.1652129426964591,0.8502588190681033,0.19425768492718576,188,0.18359375,38,0.037109375,247
1024,0.16651173943772501,0.997662943888556,0.19111716164922754,191,0.1865234375,37,0.0361328125,248
1024,0.15196617304393267,0.9107746756912104,0.18244864147598921,172,0.16796875,47,0.0458984375,249
1024,0.16351683490391342,1.0744112446128846,0.1870970548477806,187,0.1826171875,39,0.0380859375,250
1024,0.16653601770495097,1.1928916709845558,0.19643595036785594,199,0.1943359375,51,0.0498046875,251
1024,0.16227337007747053,1.0090660653720824,0.19473099130171323,210,0.205078125,47,0.0458984375,252
1024,0.1677728608097438,1.0728641096003366,0.19484735991105978,210,0.205078125,38,0.037109375,253
1024,0.16590285773831454,0.982906959531876,0.18833926084683927,179,0.1748046875,37,0.0361328125,254
1024,0.16948729349287436,1.0461292465630068,0.1965228749289154,198,0.193359375,31,0.0302734375,255
1024,0.1574147303784312,0.971321413354565,0.18111856432235574,151,0.1474609375,28,0.02734375,256
1024,0.15877881655955622,1.0882565569553275,0.19477223821469683,210,0.205078125,41,0.0400390625,257
1024,0.16128915540993952,0.8363999224485296,0.18677730158185435,173,0.1689453125,34,0.033203125,258
1024,0.16639138263611025,1.1053467801962844,0.19536194801073578,210,0.205078125,35,0.0341796875,259
1024,0.16393087892143432,1.0937739944897595,0.1936185231131767,197,0.1923828125,45,0.0439453125,260
1024,0.15471742026068233,0.9366965538994461,0.1864987763705086,175,0.1708984375,40,0.0390625,261
1024,0.16520720253854237,1.0223456106696915,0.19686930126837837,204,0.19921875,53,0.0517578125,262
1024,0.1565017056263323,1.1768189122734452,0.18411144204181248,178,0.173828125,36,0.03515625,263
1024,0.17258101612677246,0.9390347901570925,0.20291322248409757,202,0.197265625,54,0.052734375,264
1024,0.14315787746629594,0.9075992639387372,0.17482451977617192,160,0.15625,30,0.029296875,265
1024,0.17320563732105254,0.8839363444451857,0.20315377954580688,221,0.2158203125,51,0.0498046875,266
1024,0.15423964376321836,1.0203478735078964,0.18118466217478202,171,0.1669921875,30,0.029296875,267
1024,0.1579240470509567,1.019068807322032,0.18312268176794363,171,0.1669921875,25,0.0244140625,268
1024,0.15900729154598817,1.212244546023416,0.18829130529380506,187,0.1826171875,39,0.0380859375,269
1024,0.1564948150366346,1.1112560792264463,0.19117506878819301,193,0.1884765625,44,0.04296875,270
1024,0.15975094359662784,1.0357370377822954,0.1856703778432196,184,0.1796875,32,0.03125,271
1024,0.1626926942676895,0.9651288419045176,0.1917838663367441,198,0.193359375,46,0.044921875,272
1024,0.16386196891570903,0.797961328141705,0.19259640513030862,197,0.1923828125,38,0.037109375,273
1024,0.16080197325108123,1.0073525566598234,0.18690338411300256,171,0.1669921875,37,0.0361328125,274
1024,0.15742746623739873,1.036966292522221,0.18940192848934995,173,0.1689453125,41,0.0400390625,275
1024,0.16357757997341454,0.9148825372414889,0.18625154976692776,187,0.1826171875,35,0.0341796875,276
1024,0.16864209243217343,1.0525884865553032,0.2008627915617862,198,0.193359375,45,0.0439453125,277
1024,0.16921893253931097,1.0844332797335707,0.19323799482721055,194,0.189453125,37,0.0361328125,278
1024,0.1532460347524212,1.0716591866418321,0.18618072205371064,175,0.1708984375,47,0.0458984375,279
1024,0.17155672216064236,1.1333755845150477,0.20034303717432683,209,0.2041015625,55,0.0537109375,280
1024,0.16811628236326187,1.1685831690287436,0.19659652992312518,209,0.2041015625,42,0.041015625,281
1024,0.16587921200683428,0.914938208871227,0.19033860410082856,187,0.1826171875,31,0.0302734375,282
1024,0.17548490224424712,1.1831936692210683,0.20373099779363665,207,0.2021484375,49,0.0478515625,283
1024,0.16661164924278998,0.843112096274984,0.1942631457575567,200,0.1953125,47,0.0458984375,284
1024,0.1763736611431209,1.0354525675155297,0.20431628212633196,204,0.19921875,51,0.0498046875,285
1024,0.15055321771095637,0.8624105924889728,0.17751288852266692,178,0.173828125,31,0.0302734375,286
1024,0.1610183357790418,1.1510846206568488,0.19177197541791915,198,0.193359375,38,0.037109375,287
1024,0.15200529460508325,0.9657448767038641,0.1823955754426976,167,0.1630859375,36,0.03515625,288
1024,0.16846528317006787,1.1173085733280421,0.1929946912903578,191,0.1865234375,36,0.03515625,289
1024,0.1768238946419161,1.1088249557122627,0.20642287780609198,229,0.2236328125,49,0.0478515625,290
1024,0.15871557845589876,0.8811163664965688,0.19063884701438014,192,0.1875,44,0.04296875,291
1024,0.15088673942364933,0.8379618324616686,0.17852094338154792,170,0.166015625,24,0.0234375,292
1024,0.14731944527052115,0.9254874652019982,0.17144019748841927,142,0.138671875,25,0.0244140625,293
1024,0.16425645344247825,1.116923951699581,0.19219887713710196,189,0.1845703125,43,0.0419921875,294
1024,0.1590901435886019,0.9342802208740113,0.1846228440426075,177,0.1728515625,42,0.041015625,295
1024,0.161099129003994,1.0211017505541908,0.19032283663645272,200,0.1953125,29,0.0283203125,296
1024,0.1624132138958399,0.9665780638056953,0.1987186297099756,217,0.2119140625,50,0.048828125,297
1024,0.1613057775892957,0.9610539246840847,0.19248716177490896,188,0.18359375,43,0.0419921875,298
1024,0.16804999114177238,1.2103934733593986,0.1887014595346522,186,0.181640625,34,0.033203125,299
1024,0.16523984929781302,0.9130741090745459,0.19288732910457562,190,0.185546875,36,0.03515625,300
1024,0.16647406564192546,0.9415989022300194,0.19090070033364637,187,0.1826171875,38,0.037109375,301
1024,0.14588927520645578,0.9376895673274438,0.17449186847285533,155,0.1513671875,21,0.0205078125,302
1024,0.1639738137713882,1.0511820945458792,0.18899670385059358,187,0.1826171875,36,0.03515625,303
1024,0.15750336471584944,0.9552374860789739,0.18105873050345045,167,0.1630859375,29,0.0283203125,304
1024,0.16390693392871858,1.0616028243607298,0.19251871998360304,190,0.185546875,48,0.046875,305
1024,0.17248712710988115,0.938905535884222,0.19669900919543518,198,0.193359375,42,0.041015625,306
1024,0.16709493194987923,1.0154281297016228,0.19269795841327542,202,0.197265625,36,0.03515625,307
1024,0.1618011167108961,1.005052162317529,0.1882110688160043,176,0.171875,37,0.0361328125,308
1024,0.18343211252681502,0.9142645747360092,0.20765299590114641,238,0.232421875,46,0.044921875,309
1024,0.16888413390556833,0.7950902914224718,0.19220771701545325,185,0.1806640625,37,0.0361328125,310
1024,0.16773424073981197,1.2365979122586028,0.18822849562049432,164,0.16015625,34,0.033203125,311
1024,0.17647179730198748,1.001350446599053,0.2072255530436677,227,0.2216796875,44,0.04296875,312
1024,0.17024116397709876,1.0410744659513769,0.20033274393980996,226,0.220703125,41,0.0400390625,313
1024,0.171104289211158,0.8545844506738594,0.18968326170439082,188,0.18359375,33,0.0322265625,314
1024,0.16902737658700417,0.9265934208623979,0.19318695692123425,181,0.1767578125,34,0.033203125,315
1024,0.1775357856731168,0.8486786090070821,0.19828226110962582,208,0.203125,43,0.0419921875,316
1024,0.15384833935592945,0.9670645392037832,0.1792719542010614,165,0.1611328125,29,0.0283203125,317
1024,0.1659821899554918,1.1565836255399666,0.19093144691536817,189,0.1845703125,33,0.0322265625,318
1024,0.14967944150415174,1.149996955254903,0.18344108371490608,182,0.177734375,38,0.037109375,319
1024,0.16411343246656346,0.9357587373801513,0.1908541768813043,191,0.1865234375,41,0.0400390625,320
1024,0.15363721973363337,1.0968062784424426,0.18148889386719266,172,0.16796875,37,0.0361328125,321
1024,0.15732742245589026,0.9079263184308097,0.1832144420360331,161,0.1572265625,33,0.0322265625,322
1024,0.17079338764807106,1.1010391685106822,0.19928029593351415,205,0.2001953125,42,0.041015625,323
1024,0.16454687091192505,1.1931597431948364,0.19197169322546087,183,0.1787109375,39,0.0380859375,324
1024,0.16721497211063435,0.8440338119862414,0.1943437557380244,202,0.197265625,32,0.03125,325
1024,0.1565946101504185,0.9339265852200099,0.18419446027154635,162,0.158203125,30,0.029296875,326
1024,0.16764261930202806,1.042747920448551,0.19383849286277915,188,0.18359375,43,0.0419921875,327
1024,0.18094703889281216,1.2080727588229432,0.2046808259211391,224,0.21875,47,0.0458984375,328
1024,0.15866062584116825,1.127233016865538,0.19386991305009232,208,0.203125,48,0.046875,329
1024,0.1637786441873902,1.1336146532797777,0.18634822925936098,182,0.177734375,39,0.0380859375,330
1024,0.17736336600942432,1.2640836477036304,0.2074699262961382,243,0.2373046875,48,0.046875,331
1024,0.16999591697720812,1.268879348889449,0.1993668013396983,207,0.2021484375,43,0.0419921875,332
1024,0.19037797204459006,0.8939441966666575,0.21204368694179127,254,0.248046875,40,0.0390625,333
1024,0.1581270412156327,0.9782272922495091,0.18825335103310853,188,0.18359375,44,0.04296875,334
1024,0.15355049393675266,1.0334781849706056,0.18213386800522205,169,0.1650390625,32,0.03125,335
1024,0.15756914244367795,1.119201092794738,0.18945745950048629,202,0.197265625,40,0.0390625,336
1024,0.16679755402442126,1.0641997305489705,0.18811053694648633,173,0.1689453125,35,0.0341796875,337
1024,0.16944328689736163,1.115748145813991,0.2040581354259563,236,0.23046875,54,0.052734375,338
1024,0.1730426747218018,0.8782058546743373,0.19227525813934288,195,0.1904296875,28,0.02734375,339
1024,0.16276772032615097,0.8233849911391387,0.19133865080873244,182,0.177734375,44,0.04296875,340
1024,0.159851825931081,0.9551893247902737,0.18592830158757034,173,0.1689453125,38,0.037109375,341
1024,0.14859693066173718,0.9633974321407668,0.1802296144085679,165,0.1611328125,39,0.0380859375,342
1024,0.16042202478646495,1.18198423264323,0.19013579448106552,195,0.1904296875,32,0.03125,343
1024,0.15436120129519376,0.9763874213770894,0.18348983860868204,171,0.1669921875,38,0.037109375,344
1024,0.16353439239333095,1.1590681821430315,0.19264411627179528,201,0.1962890625,46,0.044921875,345
1024,0.17101365418554737,1.0531406295312067,0.1980100507835762,213,0.2080078125,54,0.052734375,346
1024,0.1703841737224034,1.3727678959997682,0.2005070746292207,195,0.1904296875,57,0.0556640625,347
1024,0.17215158538847547,0.861972946661809,0.19605925574942162,192,0.1875,36,0.03515625,348
1024,0.14717518216465794,0.778421257918287,0.17806421250348675,154,0.150390625,35,0.0341796875,349
1024,0.1551568719579393,1.0210142568950984,0.18044344974617088,157,0.1533203125,28,0.02734375,350
1024,0.1663305034831839,1.1938226846447733,0.19444525158347414,190,0.185546875,45,0.0439453125,351
1024,0.17328815456950086,0.9894171915739869,0.19503194300209065,211,0.2060546875,34,0.033203125,352
1024,0.17359293675152404,0.9642898848500238,0.19874509651306904,203,0.1982421875,47,0.0458984375,353
1024,0.16257050219782085,0.8737467045001014,0.1909062212345835,202,0.197265625,37,0.0361328125,354
1024,0.16095447815743485,0.8504921209623543,0.1866539657925419,182,0.177734375,39,0.0380859375,355
1024,0.13972019193043006,1.0181763890262336,0.16570819497310002,133,0.1298828125,22,0.021484375,356
1024,0.163092808775529,1.0657427786216673,0.18465849977467474,180,0.17578125,30,0.029296875,357
1024,0.1649738143342726,1.27435152524046,0.18664550007423594,178,0.173828125,28,0.02734375,358
1024,0.16581440433318378,1.2008553728714833,0.19549146707111836,192,0.1875,42,0.041015625,359
1024,0.16841639197596314,0.9169075646772725,0.1967255932660958,205,0.2001953125,45,0.0439453125,360
1024,0.16183513506181962,0.8890833008081013,0.18744613584900258,195,0.1904296875,32,0.03125,361
1024,0.16178843086132144,1.298992792586687,0.18769816543578838,188,0.18359375,38,0.037109375,362
1024,0.16901028049584638,0.9398881045279897,0.19275346862071918,194,0.189453125,36,0.03515625,363
1024,0.17176623100941446,0.8484773655363314,0.1932405841949043,185,0.1806640625,35,0.0341796875,364
1024,0.1667212297456064,0.9990766668452629,0.19536760841224232,212,0.20703125,32,0.03125,365
1024,0.15816891076878398,0.9476896577225862,0.1884684861401031,192,0.1875,41,0.0400390625,366
1024,0.1742017072248111,1.1215621844563375,0.19763985442882664,215,0.2099609375,32,0.03125,367
1024,0.1623637175699962,1.291628415277257,0.19157653658499385,190,0.185546875,39,0.0380859375,368
1024,0.1593062062419709,1.1916726817779795,0.18625489658427752,178,0.173828125,33,0.0322265625,369
1024,0.16187696776029792,1.014802590922948,0.18757544716511088,202,0.197265625,29,0.0283203125,370
1024,0.1718684823069428,0.9171893623411148,0.19639963158810586,204,0.19921875,37,0.0361328125,371
1024,0.15630655646748315,0.9308868693244852,0.1779426488745245,145,0.1416015625,24,0.0234375,372
1024,0.16446239296089527,1.001211826095639,0.189739760712901,187,0.1826171875,36,0.03515625,373
1024,0.16351434793397818,1.0849223555071708,0.19258318494844667,184,0.1796875,39,0.0380859375,374
1024,0.16875824977906026,1.0763782263717492,0.19294468255736041,200,0.1953125,35,0.0341796875,375
1024,0.1668067160877959,1.052231894347334,0.20016044486548484,207,0.2021484375,61,0.0595703125,376
1024,0.16834521433273625,1.0457529846564906,0.1943228440261884,183,0.1787109375,44,0.04296875,377
1024,0.1745068531170783,0.8585139244089467,0.1980770184211069,196,0.19140625,41,0.0400390625,378
1024,0.15268837234789354,1.0126097746390355,0.18703427046906712,194,0.189453125,42,0.041015625,379
1024,0.15480104124282812,0.8844993722044432,0.18029548837378367,158,0.154296875,32,0.03125,380
1024,0.16253422387146133,1.0570110475895147,0.19373051548216613,191,0.1865234375,43,0.0419921875,381
1024,0.17293799978589652,0.7278348930383852,0.19270065886071716,196,0.19140625,36,0.03515625,382
1024,0.176450853109262,1.1366216045020514,0.21081251385009697,240,0.234375,48,0.046875,383
1024,0.1569081902730638,0.9524032064837211,0.187589494467003,186,0.181640625,35,0.0341796875,384
1024,0.16402898364134189,1.0783670816361648,0.19240597848392588,181,0.1767578125,46,0.044921875,385
1024,0.16989680602120444,0.9935759342911701,0.20216139884785045,226,0.220703125,50,0.048828125,386
1024,0.16592929822547012,1.0911126568487828,0.19529506347083703,217,0.2119140625,42,0.041015625,387
1024,0.18161135660452749,1.057304406386073,0.20605897847077317,208,0.203125,49,0.0478515625,388
1024,0.16284589659844548,0.9004861320923112,0.19287642830434382,205,0.2001953125,51,0.0498046875,389
1024,0.176211049659528,0.863424600633244,0.19910243630166197,210,0.205078125,46,0.044921875,390
1024,0.17073748375109998,1.0101259004028478,0.19503408970475278,188,0.18359375,42,0.041015625,391
1024,0.15364250718661165,0.9942782763347894,0.18361579941113126,174,0.169921875,33,0.0322265625,392
1024,0.15693043452764732,0.9586699334187865,0.18581476894933244,171,0.1669921875,30,0.029296875,393
1024,0.17363965365394984,0.9572846725009905,0.20442929918493247,231,0.2255859375,45,0.0439453125,394
1024,0.15616103268938175,1.1384764317216773,0.18709961109434936,189,0.1845703125,29,0.0283203125,395
1024,0.17056844395897058,1.1823576552159185,0.19135553630319904,185,0.1806640625,35,0.0341796875,396
1024,0.16003558888550368,1.0891459194839204,0.19154998355621433,185,0.1806640625,41,0.0400390625,397
1024,0.16546627789763058,1.3142271505216563,0.1963243745660851,206,0.201171875,52,0.05078125,398
1024,0.17454847680999064,1.0000574737066719,0.20044126260586037,208,0.203125,52,0.05078125,399
1024,0.17940401311767337,1.12903816426081,0.20518586193975452,216,0.2109375,58,0.056640625,400
1024,0.1644820254826685,1.1911999450692918,0.19324365004956867,187,0.1826171875,43,0.0419921875,401
1024,0.1668059324904131,0.9554437408131616,0.19613130806335882,196,0.19140625,42,0.041015625,402
1024,0.16921045563475734,0.9582014272407704,0.19253012215552098,213,0.2080078125,29,0.0283203125,403
1024,0.17463645735743338,0.9121221949646044,0.20391644452970548,229,0.2236328125,46,0.044921875,404
1024,0.17000359475842972,1.225956329672468,0.19793695359190294,200,0.1953125,43,0.0419921875,405
1024,0.1541125856026586,0.9957471997015979,0.17958944134822585,160,0.15625,30,0.029296875,406
1024,0.1688052622012807,1.0326704863880007,0.1987233912013214,205,0.2001953125,53,0.0517578125,407
1024,0.17419505330558727,0.8937126438456093,0.19839083401864271,194,0.189453125,41,0.0400390625,408
1024,0.16556451048417156,0.9594785610925748,0.1947422934248088,208,0.203125,44,0.04296875,409
1024,0.16432447843036904,1.127683842534497,0.1886913975986552,163,0.1591796875,35,0.0341796875,410
1024,0.1751118487195557,1.1412733050253125,0.2011801988872513,198,0.193359375,46,0.044921875,411
1024,0.1655869482487428,1.0325108143248924,0.19234870416473726,199,0.1943359375,32,0.03125,412
1024,0.16056967633875052,0.9798379228087875,0.19206662241101533,188,0.18359375,37,0.0361328125,413
1024,0.16305561939966975,0.7826239209335484,0.18481977968282778,180,0.17578125,32,0.03125,414
1024,0.1684457884979082,1.0222688299132279,0.1970597433499675,198,0.193359375,38,0.037109375,415
1024,0.16806304238005249,0.9416114447479107,0.1991033847252432,211,0.2060546875,49,0.0478515625,416
1024,0.154124646848717,0.9190669564801035,0.18145871611957973,171,0.1669921875,40,0.0390625,417
1024,0.16481885681713626,0.8297512924711684,0.18982033057109748,202,0.197265625,26,0.025390625,418
1024,0.16495657136731867,0.8640252563936799,0.1889446186812822,199,0.1943359375,31,0.0302734375,419
1024,0.17081229659162378,1.0920371745756337,0.19906498923156418,214,0.208984375,35,0.0341796875,420
1024,0.16234284202105298,1.2108457872309386,0.19530390611468829,209,0.2041015625,36,0.03515625,421
1024,0.1577189382745609,0.9071670857118866,0.1923935827121686,210,0.205078125,36,0.03515625,422
1024,0.15674321411931047,0.9340927483166888,0.17934466515474196,163,0.1591796875,30,0.029296875,423
1024,0.1485120862443896,0.8173622659174492,0.17552578431627827,160,0.15625,25,0.0244140625,424
1024,0.16077280373917957,1.0392430112882105,0.18624033251023264,176,0.171875,29,0.0283203125,425
1024,0.1643817961845797,0.9415024238613333,0.18965109647704537,183,0.1787109375,39,0.0380859375,426
1024,0.1539213968813266,1.0145832130211347,0.18727470414025849,178,0.173828125,40,0.0390625,427
1024,0.17442313771159276,0.9917362971772989,0.19843461054239997,212,0.20703125,35,0.0341796875,428
1024,0.16736119858745646,0.8960816499922988,0.1945418593179508,205,0.2001953125,37,0.0361328125,429
1024,0.1565285735332921,1.2160500000840329,0.1842707681807781,181,0.1767578125,46,0.044921875,430
1024,0.150500764930834,0.8584183362250759,0.1742600894231947,149,0.1455078125,25,0.0244140625,431
1024,0.16387706504751393,0.8625495646771629,0.19339086317737408,197,0.1923828125,46,0.044921875,432
1024,0.17514790642497052,1.1178526355561185,0.2006647548950704,204,0.19921875,45,0.0439453125,433
1024,0.17675860311609676,1.086657980386296,0.20113878920171402,205,0.2001953125,52,0.05078125,434
1024,0.1656348452795803,0.8724302848586778,0.1919658351174602,198,0.193359375,43,0.0419921875,435
1024,0.15178151102598034,0.9086104292743172,0.17366489983902736,137,0.1337890625,25,0.0244140625,436
1024,0.15733932926622266,1.1084525331110189,0.18755481139248747,200,0.1953125,40,0.0390625,437
1024,0.17518711038064144,1.1933012357081587,0.2014134889316602,201,0.1962890625,53,0.0517578125,438
1024,0.14721357022908343,0.9281347161159581,0.18194973867345307,187,0.1826171875,37,0.0361328125,439
1024,0.17220516032539523,0.9603919737244168,0.19909841283039245,211,0.2060546875,52,0.05078125,440
1024,0.16391698147570183,0.9983849600562433,0.19470735140123363,212,0.20703125,35,0.0341796875,441
1024,0.17427652256969345,1.0657507047988906,0.20421624210170342,216,0.2109375,57,0.0556640625,442
1024,0.16204115439943123,1.3132753196776743,0.18918342120601928,195,0.1904296875,38,0.037109375,443
1024,0.16444223939896022,0.8874340832605999,0.18915606348225916,180,0.17578125,34,0.033203125,444
1024,0.14965217632783873,0.9868086283110556,0.17586282454909,171,0.1669921875,24,0.0234375,445
1024,0.16661041863409115,1.0317057839131145,0.19035629267148918,188,0.18359375,31,0.0302734375,446
1024,0.15551167381841474,0.8730486552758933,0.17668214488460313,150,0.146484375,21,0.0205078125,447
1024,0.17034564073718278,0.9566473325870752,0.19509471555196495,211,0.2060546875,35,0.0341796875,448
1024,0.15009064943206982,0.9679944382799323,0.1782009273067082,167,0.1630859375,31,0.0302734375,449
1024,0.15984883157158403,1.0700785839090279,0.18728522938561953,187,0.1826171875,33,0.0322265625,450
1024,0.160879259349825,0.9983014399390927,0.1864371804240889,175,0.1708984375,39,0.0380859375,451
1024,0.15167372812291757,1.084346435754872,0.18648778042522537,190,0.185546875,41,0.0400390625,452
1024,0.16928502269275497,1.0404241237440512,0.19647229388005008,196,0.19140625,44,0.04296875,453
1024,0.1802412788093711,0.9670301977587231,0.20091959900459633,216,0.2109375,48,0.046875,454
1024,0.15652003396534275,0.9881891273420682,0.1853539758659392,189,0.1845703125,35,0.0341796875,455
1024,0.17323403283944327,0.925357280650085,0.20170795322080692,213,0.2080078125,41,0.0400390625,456
1024,0.16805892053116178,1.089704799351597,0.18955265862712445,190,0.185546875,42,0.041015625,457
1024,0.1709149957563202,0.9327692375051602,0.19376578545246922,176,0.171875,41,0.0400390625,458
1024,0.16990604370657142,0.9638947321886139,0.19796982919458,205,0.2001953125,38,0.037109375,459
1024,0.160344808859701,1.0710974398709663,0.19144652452797295,201,0.1962890625,41,0.0400390625,460
1024,0.15172723843750352,1.066328648900832,0.181035034895476,181,0.1767578125,34,0.033203125,461
1024,0.1642325867439916,1.0722770938883308,0.19025572346644118,189,0.1845703125,40,0.0390625,462
1024,0.16489590124429454,1.104687578922579,0.19914278385816153,204,0.19921875,58,0.056640625,463
1024,0.1711957157557807,1.2380380880667146,0.1978485126103935,197,0.1923828125,42,0.041015625,464
1024,0.16016326656408458,0.8302399160538564,0.19264618641105125,186,0.181640625,42,0.041015625,465
1024,0.16969119057734716,1.1023533731275226,0.20085660573871433,208,0.203125,52,0.05078125,466
1024,0.16723922112597905,1.2833202643035135,0.1968746922359212,197,0.1923828125,43,0.0419921875,467
1024,0.16209865924542877,1.1418508776615914,0.18740990174334046,189,0.1845703125,29,0.0283203125,468
1024,0.1696060323481981,0.9930977375739011,0.19730854175961152,203,0.1982421875,43,0.0419921875,469
1024,0.17033753434730686,1.0008192983019264,0.19751721817624704,200,0.1953125,41,0.0400390625,470
1024,0.15806442769399892,1.108260021441357,0.1863069558858295,178,0.173828125,35,0.0341796875,471
1024,0.15612003611938013,1.0261452386937246,0.1860480851158641,170,0.166015625,43,0.0419921875,472
1024,0.16483156938380825,1.3311619292861698,0.19214914039708847,182,0.177734375,39,0.0380859375,473
1024,0.15886167001271123,1.1844994860547278,0.1895176121907185,187,0.1826171875,34,0.033203125,474
1024,0.1606884497372819,1.0452913255388492,0.18825754202265294,186,0.181640625,39,0.0380859375,475
1024,0.15574567302184555,0.9683100610500746,0.1842429964293992,173,0.1689453125,43,0.0419921875,476
1024,0.16975097427590155,0.9515411939071553,0.19701097335673978,206,0.201171875,36,0.03515625,477
1024,0.1664759535644755,0.8876754434974518,0.19429675341424665,189,0.1845703125,43,0.0419921875,478
1024,0.1671257655452467,1.135446144427788,0.19400399162198617,191,0.1865234375,38,0.037109375,479
1024,0.15918511124545506,1.0090106631527664,0.18459177308117897,163,0.1591796875,39,0.0380859375,480
1024,0.1673279310938505,0.9282926676572929,0.19220368489486064,183,0.1787109375,38,0.037109375,481
1024,0.16370635255230975,0.9207818284126115,0.18461640785738095,168,0.1640625,29,0.0283203125,482
1024,0.16694660198750177,1.0691704292759519,0.18762954918124272,177,0.1728515625,34,0.033203125,483
1024,0.15813095039112587,1.0748449969871274,0.18576382669111707,169,0.1650390625,31,0.0302734375,484
1024,0.16249926328829067,1.2387972393461932,0.19900875291886594,194,0.189453125,52,0.05078125,485
1024,0.16556541457998453,1.2231201207817726,0.1901129851614911,183,0.1787109375,32,0.03125,486
1024,0.17601322764654728,0.9131776871312227,0.20158021920576757,212,0.20703125,43,0.0419921875,487
1024,0.16442695461420434,1.0397090673450493,0.19161393862534518,191,0.1865234375,34,0.033203125,488
1024,0.1672705761458285,1.0526712288734972,0.19571646273844104,198,0.193359375,39,0.0380859375,489
1024,0.1539031006939549,1.0331158248001913,0.18053550490087283,181,0.1767578125,25,0.0244140625,490
1024,0.1628969344839593,1.0559760845313453,0.19123616981524333,200,0.1953125,38,0.037109375,491
1024,0.16689900565993693,1.0516176898468959,0.19009906708491642,182,0.177734375,34,0.033203125,492
1024,0.1715346042853734,0.923914644958065,0.20172316023163964,204,0.19921875,46,0.044921875,493
1024,0.16381108496840818,0.8794054332307445,0.18872163822719937,175,0.1708984375,36,0.03515625,494
1024,0.17074903687282808,0.942532768097756,0.19616453559350405,199,0.1943359375,32,0.03125,495
1024,0.17370827427968305,1.0419324999798274,0.20398668855804641,208,0.203125,46,0.044921875,496
1024,0.16769975420274402,0.8568013882564675,0.19450947612717723,205,0.2001953125,43,0.0419921875,497
1024,0.16453445172081466,1.1303305390534504,0.19095028437656597,181,0.1767578125,38,0.037109375,498
1024,0.15071071273092543,1.0034382548540453,0.17951404637624074,159,0.1552734375,36,0.03515625,499
1024,0.16411432498639816,1.0666718235842179,0.19491192561144266,195,0.1904296875,40,0.0390625,500
1024,0.1703337765677968,0.9641191300833862,0.19737105954138817,213,0.2080078125,42,0.041015625,501
1024,0.16923699010598897,0.8837556818556038,0.1950136846010102,192,0.1875,44,0.04296875,502
1024,0.15055138561715403,1.3344992574607237,0.1776238468866563,159,0.1552734375,26,0.025390625,503
1024,0.1708388342367367,1.084335224482111,0.19758595014542973,208,0.203125,43,0.0419921875,504
1024,0.1695735371455252,1.1515818554161905,0.1934168815722411,192,0.1875,26,0.025390625,505
1024,0.1593873390381383,1.1897576504927139,0.18757435612684473,184,0.1796875,42,0.041015625,506
1024,0.16936870477250884,1.0309599923928252,0.19308358940474885,191,0.1865234375,43,0.0419921875,507
1024,0.15764520792409986,1.1280331333451505,0.18426759569236967,168,0.1640625,38,0.037109375,508
1024,0.15714708885689915,0.974417619771342,0.18669069669841287,175,0.1708984375,41,0.0400390625,509
1024,0.17980001490897465,1.1237927386214313,0.20031249768853743,202,0.197265625,37,0.0361328125,510
1024,0.1521547886406212,1.1900955919436238,0.18120136044750074,160,0.15625,34,0.033203125,511
1024,0.1772721345579965,1.002424880431886,0.2014528419728967,209,0.2041015625,44,0.04296875,512
1024,0.1695744869025937,0.9760488467297468,0.19081614799567548,182,0.177734375,28,0.02734375,513
1024,0.16910327693468402,1.0584822368360474,0.19508669766260595,189,0.1845703125,48,0.046875,514
1024,0.16049603676670257,1.0921233441272875,0.19297623915224965,199,0.1943359375,50,0.048828125,515
1024,0.15163476456860353,0.9694354764852201,0.18389443519854287,194,0.189453125,32,0.03125,516
1024,0.17384256614943383,1.1231993574872858,0.20520208012957383,213,0.2080078125,58,0.056640625,517
1024,0.14946320991825152,0.9099994418390798,0.17873930058009405,161,0.1572265625,33,0.0322265625,518
1024,0.16913476667746494,0.9842303013253838,0.1979278425144368,219,0.2138671875,42,0.041015625,519
1024,0.17974436625258047,0.9433069257723543,0.2028458367840019,213,0.2080078125,50,0.048828125,520
1024,0.17273376654350053,1.0917329249081729,0.2002411169548003,211,0.2060546875,46,0.044921875,521
1024,0.17109680317383852,0.990368598335773,0.19934794824477933,208,0.203125,43,0.0419921875,522
1024,0.1584076624668459,0.9463501266029865,0.18652811422892263,173,0.1689453125,39,0.0380859375,523
1024,0.1726735599902579,1.0183810633900776,0.19727830150822123,206,0.201171875,41,0.0400390625,524
1024,0.17548638148357365,1.024361252864043,0.20405907746259752,222,0.216796875,60,0.05859375,525
1024,0.17511221864099458,0.8325597814435556,0.2094643964670138,240,0.234375,57,0.0556640625,526
1024,0.17668079623030994,1.0488080731269989,0.2105142143849984,247,0.2412109375,61,0.0595703125,527
1024,0.16061713254760296,1.094841416131724,0.18792445971167454,178,0.173828125,30,0.029296875,528
1024,0.15914384378009472,0.9116511043959662,0.18552703969784173,169,0.1650390625,41,0.0400390625,529
1024,0.15627088279919205,0.9838463331969368,0.18167473083802185,150,0.146484375,35,0.0341796875,530
1024,0.17212479057217386,0.9663545939901255,0.20316783109273873,225,0.2197265625,48,0.046875,531
1024,0.14957042140764432,0.9265777841485366,0.18006074591936388,157,0.1533203125,33,0.0322265625,532
1024,0.16337861795528769,1.0064338666834978,0.19754627570091576,200,0.1953125,46,0.044921875,533
1024,0.1509320638354838,1.151504321679523,0.17956080667346852,158,0.154296875,22,0.021484375,534
1024,0.1621084609674408,0.8689844806685252,0.18693415470949143,176,0.171875,35,0.0341796875,535
1024,0.1770455522564216,0.9459566728154546,0.19826305032213642,196,0.19140625,41,0.0400390625,536
1024,0.16919432562904546,1.0500906940658479,0.1931261771468685,191,0.1865234375,49,0.0478515625,537
1024,0.1615038709024162,1.2146003695642935,0.18854999215458548,179,0.1748046875,40,0.0390625,538
1024,0.1570212775790334,0.9944392993136796,0.18731930168214225,174,0.169921875,44,0.04296875,539
1024,0.1879893887470352,1.0716061010635525,0.2129458448937217,239,0.2333984375,57,0.0556640625,540
1024,0.16390446615769985,0.9851903275065672,0.18789265970993063,185,0.1806640625,40,0.0390625,541
1024,0.17351212565471652,1.0381894790384874,0.20185593394792173,220,0.21484375,50,0.048828125,542
1024,0.172811287999466,1.0675941906806268,0.19934647982814532,212,0.20703125,39,0.0380859375,543
1024,0.16592488561330926,1.1741214483925744,0.19099051175880377,192,0.1875,37,0.0361328125,544
1024,0.1552030452862979,0.852327891061885,0.1860496851808845,195,0.1904296875,37,0.0361328125,545
1024,0.18307410470231816,0.9816713864086984,0.20860595122898873,248,0.2421875,47,0.0458984375,546
1024,0.16918974665113645,0.9819516496665419,0.19861280702086664,206,0.201171875,43,0.0419921875,547
1024,0.16091343422283766,1.1596724492624118,0.1868990379512259,187,0.1826171875,34,0.033203125,548
1024,0.16749741910599292,0.9789830346703678,0.1923025005002379,192,0.1875,34,0.033203125,549
1024,0.16316702596940574,1.2626915178388378,0.1971014165527054,203,0.1982421875,51,0.0498046875,550
1024,0.16397114927989423,0.9124437143787801,0.1932035343433312,199,0.1943359375,45,0.0439453125,551
1024,0.17060096892286591,1.0143550626823834,0.20125960042642912,202,0.197265625,57,0.0556640625,552
1024,0.15943698924208705,0.9134203869260908,0.1850332000441957,180,0.17578125,32,0.03125,553
1024,0.16819505559264575,0.9138724174065262,0.19657332714227466,233,0.2275390625,39,0.0380859375,554
1024,0.17891480423007483,1.0754783088936908,0.2047614666573605,220,0.21484375,52,0.05078125,555
1024,0.16542229341826314,1.0581633666989385,0.19244556026475895,189,0.1845703125,39,0.0380859375,556
1024,0.178755677592074,1.3937560748682922,0.21592166859177545,249,0.2431640625,70,0.068359375,557
1024,0.1752451108164202,0.963208643335622,0.20292673147870793,208,0.203125,43,0.0419921875,558
1024,0.16633344044983212,0.9362659998860583,0.18623952988841072,180,0.17578125,31,0.0302734375,559
1024,0.15475787578438405,0.8998979449205184,0.1804725211315843,166,0.162109375,30,0.029296875,560
1024,0.16628873375283632,0.9366970701213012,0.1982213570197822,195,0.1904296875,56,0.0546875,561
1024,0.15901710572306596,0.9248456375460279,0.1879890033936718,190,0.185546875,35,0.0341796875,562
1024,0.16534381848311724,0.9640301661301278,0.19290364465045,212,0.20703125,40,0.0390625,563
1024,0.15346883773415831,1.0733553252578811,0.18078884977697757,154,0.150390625,36,0.03515625,564
1024,0.17736206969514787,1.0523414606185182,0.2068440003879525,241,0.2353515625,51,0.0498046875,565
1024,0.18636024185013583,1.083454174917759,0.2040030629540272,211,0.2060546875,33,0.0322265625,566
1024,0.17450116829223372,0.9406064004904556,0.19537572442053186,191,0.1865234375,35,0.0341796875,567
1024,0.1701638690981977,1.0258910703747368,0.19737399207823025,199,0.1943359375,51,0.0498046875,568
1024,0.16027228285711914,1.137600264219886,0.18960002870069248,194,0.189453125,49,0.0478515625,569
1024,0.17422458232218477,0.9936424025845118,0.1993985395935994,222,0.216796875,41,0.0400390625,570
1024,0.16322273072960983,1.1415446591030007,0.19620676056311473,193,0.1884765625,51,0.0498046875,571
1024,0.1490666593848663,1.0165466969221912,0.17840259039480874,170,0.166015625,30,0.029296875,572
1024,0.17225394191997473,1.0167269149592235,0.19232717605018212,193,0.1884765625,32,0.03125,573
1024,0.16792452545912392,1.1224640183652337,0.19436030253634864,205,0.2001953125,36,0.03515625,574
1024,0.16636911389056308,0.9995777045262535,0.1928866050174045,199,0.1943359375,35,0.0341796875,575
1024,0.18675779444624221,1.147436187947177,0.20584454304141808,215,0.2099609375,46,0.044921875,576
1024,0.17859438244173514,1.0424354938310951,0.20450828976631932,221,0.2158203125,50,0.048828125,577
1024,0.155731999964193,1.0388678219883274,0.18194673858503102,165,0.1611328125,30,0.029296875,578
1024,0.16265032504851967,1.1215766652192536,0.1972723177993791,204,0.19921875,61,0.0595703125,579
1024,0.1562088661366744,1.0057746624955932,0.1872226783286295,188,0.18359375,44,0.04296875,580
1024,0.15602999447498064,0.9928143187744474,0.18212295193456782,162,0.158203125,39,0.0380859375,581
1024,0.1649526261509348,0.9956040422209307,0.19017408193200105,187,0.1826171875,33,0.0322265625,582
1024,0.16502265974580688,1.0582037600836167,0.19042275611973788,186,0.181640625,39,0.0380859375,583
1024,0.1658588341465027,0.9574568127299595,0.19296649309418407,186,0.181640625,43,0.0419921875,584
1024,0.17915659739006,0.9008147600184931,0.20531506818794504,211,0.2060546875,51,0.0498046875,585
1024,0.17522039126643188,1.2711078679942347,0.20095751082764407,204,0.19921875,47,0.0458984375,586
1024,0.16491737853965255,1.0220918184815755,0.18868922846448352,182,0.177734375,26,0.025390625,587
1024,0.16438949701545494,1.0562509858847957,0.19354005411919667,204,0.19921875,41,0.0400390625,588
1024,0.17663775390351938,0.973551472407575,0.1977492292212495,199,0.1943359375,37,0.0361328125,589
1024,0.16883250679230444,1.1595445297098244,0.1964396774969465,197,0.1923828125,46,0.044921875,590
1024,0.16681534845826185,0.9056530971436776,0.19587806850044087,215,0.2099609375,39,0.0380859375,591
1024,0.16308778684674416,0.9722877404782431,0.19503515722723397,208,0.203125,46,0.044921875,592
1024,0.16965256212415092,1.1443387362924566,0.2015918895088769,209,0.2041015625,54,0.052734375,593
1024,0.169584826263511,1.131442920389538,0.19543958896899405,204,0.19921875,35,0.0341796875,594
1024,0.15996236730007363,1.070801802117756,0.18954170129662873,190,0.185546875,36,0.03515625,595
1024,0.17147547332257593,0.9646002231234891,0.19751180012499797,203,0.1982421875,48,0.046875,596
1024,0.1710908465804664,1.11945021748434,0.19786235367074373,214,0.208984375,39,0.0380859375,597
1024,0.17027299137562693,0.8816871006308689,0.19309774593049053,183,0.1787109375,43,0.0419921875,598
1024,0.1698948572067316,1.1784195570037046,0.1960854236667695,207,0.2021484375,41,0.0400390625,599
1024,0.17363161616175393,0.9899077281379614,0.20264208515067245,234,0.228515625,53,0.0517578125,600
1024,0.15824517145593453,0.9482592814128192,0.18799535710719215,181,0.1767578125,32,0.03125,601
1024,0.16650764988199995,0.8563037065165267,0.1844394826983355,171,0.1669921875,26,0.025390625,602
1024,0.17570192420254663,0.8789145411347886,0.1953684838864454,185,0.1806640625,41,0.0400390625,603
1024,0.16824878946751654,0.9046027793593193,0.1971200662226923,199,0.1943359375,43,0.0419921875,604
1024,0.15578377764310314,1.0374866343286235,0.18417725738598192,172,0.16796875,35,0.0341796875,605
1024,0.18082414847194062,0.8273567049293052,0.2066284951742705,230,0.224609375,47,0.0458984375,606
1024,0.16979442379688336,0.8493843344635972,0.2011878546643706,209,0.2041015625,54,0.052734375,607
1024,0.1649338552735795,0.9274294459324248,0.19481743377215702,183,0.1787109375,44,0.04296875,608
1024,0.1552955177740416,1.1429478278204195,0.184266489210375,166,0.162109375,39,0.0380859375,609
1024,0.16925109043440414,1.0641728720259196,0.19539943070360377,192,0.1875,38,0.037109375,610
1024,0.1681319167447044,1.0966124388596517,0.19695521172731834,195,0.1904296875,48,0.046875,611
1024,0.16994066409703837,1.0552533219719897,0.1994518661671027,209,0.2041015625,47,0.0458984375,612
1024,0.1586380089340767,1.0017743552070146,0.18646249551001098,185,0.1806640625,38,0.037109375,613
1024,0.1655013145187422,0.9867401469187606,0.1929068329451335,192,0.1875,37,0.0361328125,614
1024,0.1402215869065686,0.8791525295452459,0.17251012158051574,154,0.150390625,30,0.029296875,615
1024,0.15886386078637343,0.8986465974575789,0.18977474051006973,199,0.1943359375,30,0.029296875,616
1024,0.16278311443784874,0.884186521116274,0.19412378317374662,207,0.2021484375,44,0.04296875,617
1024,0.15718128576689616,0.7987424786681875,0.1829548499958517,167,0.1630859375,35,0.0341796875,618
1024,0.16163423036807667,0.8000942380322356,0.1882459463010059,176,0.171875,37,0.0361328125,619
1024,0.17507683871009644,1.1980976570145467,0.19715020592086724,213,0.2080078125,39,0.0380859375,620
1024,0.16532546437169576,1.064984207527533,0.19468004691503246,203,0.1982421875,46,0.044921875,621
1024,0.16338646708806961,0.9749030796075042,0.19615299940698086,202,0.197265625,48,0.046875,622
1024,0.16356876133555376,0.9345577929649266,0.18856335954011927,173,0.1689453125,39,0.0380859375,623
1024,0.15174697775880872,0.9901124029222891,0.18122938535400107,163,0.1591796875,33,0.0322265625,624
1024,0.1529269050801066,1.0655809671779035,0.18465995217372572,178,0.173828125,34,0.033203125,625
1024,0.16333752919142977,1.0576479730295836,0.19250547492881237,192,0.1875,50,0.048828125,626
1024,0.15879120517638126,1.2068047773304102,0.19054572909276346,179,0.1748046875,46,0.044921875,627
1024,0.17152429208497413,0.9854558447210084,0.20692959860851928,229,0.2236328125,50,0.048828125,628
1024,0.15479348851792132,1.0106640730704466,0.18056102166823354,167,0.1630859375,32,0.03125,629
1024,0.14787223803444532,0.9671257127191897,0.17545104096070807,167,0.1630859375,24,0.0234375,630
1024,0.15535225421992646,1.0943466020398624,0.1881734000635521,203,0.1982421875,43,0.0419921875,631
1024,0.16297095834118783,0.9437399611589014,0.1865428597524737,192,0.1875,33,0.0322265625,632
1024,0.169411041098809,1.1230482082365356,0.19455245002743127,191,0.1865234375,44,0.04296875,633
1024,0.1547086759683683,0.9356871447283254,0.1820887483285144,173,0.1689453125,37,0.0361328125,634
1024,0.15676975768168944,1.1625130607548486,0.18003069210873346,179,0.1748046875,22,0.021484375,635
1024,0.15642289364694073,0.985951103195367,0.18538504381771848,191,0.1865234375,33,0.0322265625,636
1024,0.15805853066417852,0.8850226678675716,0.18415113807218275,167,0.1630859375,34,0.033203125,637
1024,0.17160175065061056,1.123582726696139,0.20173685724588972,196,0.19140625,52,0.05078125,638
1024,0.16686741812151168,0.8710386262837594,0.19679993888713038,209,0.2041015625,40,0.0390625,639
1024,0.17075525655924267,0.9223939127775147,0.1978114563214158,205,0.2001953125,49,0.0478515625,640
1024,0.16763459790091312,0.9843381129697935,0.19467466660342703,197,0.1923828125,48,0.046875,641
1024,0.16301192679508292,0.9771638887271964,0.19298917836140586,205,0.2001953125,30,0.029296875,642
1024,0.17877107359172148,1.070561302015846,0.20501573006063326,227,0.2216796875,43,0.0419921875,643
1024,0.166853218816619,1.050223425450705,0.1911826379605631,179,0.1748046875,36,0.03515625,644
1024,0.1683462571186863,0.9450363501711296,0.19524412975607391,217,0.2119140625,35,0.0341796875,645
1024,0.1663697375539837,1.2519967730610004,0.19677849747726095,212,0.20703125,43,0.0419921875,646
1024,0.1691066370322364,0.9830270522848482,0.20015616878297476,217,0.2119140625,55,0.0537109375,647
1024,0.1685080621130936,1.076099061233595,0.20344636059084914,225,0.2197265625,55,0.0537109375,648
1024,0.15973206310890292,1.357257792560104,0.1918449190747215,186,0.181640625,46,0.044921875,649
1024,0.1620437700374062,1.1139214371569164,0.18654873689168405,175,0.1708984375,39,0.0380859375,650
1024,0.15629875655606068,0.9772581541347156,0.18196477874134587,171,0.1669921875,41,0.0400390625,651
1024,0.1642535152145252,0.9781599142146045,0.19499256233281542,208,0.203125,45,0.0439453125,652
1024,0.17403523772504667,1.034945328376698,0.20108357904455842,226,0.220703125,50,0.048828125,653
1024,0.16527419985426184,0.9286843497070243,0.1935136548495756,201,0.1962890625,39,0.0380859375,654
1024,0.1656459467650595,1.129277378035639,0.1995110927160674,217,0.2119140625,45,0.0439453125,655
1024,0.15976896403483148,0.9503523364827845,0.19007537570378732,199,0.1943359375,31,0.0302734375,656
1024,0.18443750352359214,0.9503677216061727,0.21385725298017116,246,0.240234375,63,0.0615234375,657
1024,0.16539015268093737,1.021534460233772,0.19356351452474074,197,0.1923828125,39,0.0380859375,658
1024,0.17205078001125246,1.3408467681235225,0.198971382830893,205,0.2001953125,44,0.04296875,659
1024,0.17428654824268675,1.4089240185520115,0.2011813440866451,202,0.197265625,42,0.041015625,660
1024,0.16773957771387304,0.9031972419184909,0.19170367147843045,193,0.1884765625,35,0.0341796875,661
1024,0.18097092353039065,1.0571962695845416,0.2059414069220247,228,0.22265625,52,0.05078125,662
1024,0.16725832519890835,0.9109636978548358,0.19316647550790922,202,0.197265625,36,0.03515625,663
1024,0.1642526601183872,0.9195069806188227,0.19540117056561787,207,0.2021484375,43,0.0419921875,664
1024,0.15464802035572517,0.8711253201362346,0.18661187217982816,179,0.1748046875,41,0.0400390625,665
1024,0.17984922678424076,1.1369534250201248,0.20600292228748607,233,0.2275390625,50,0.048828125,666
1024,0.16300192291532672,0.9005258513377753,0.1853775439959895,182,0.177734375,26,0.025390625,667
1024,0.16384549918289038,1.086772253085862,0.19394400344972568,208,0.203125,38,0.037109375,668
1024,0.16225992226813335,0.967332417960032,0.19733985086010056,212,0.20703125,59,0.0576171875,669
1024,0.1682833271160032,1.0373442139298117,0.19219457129525014,184,0.1796875,37,0.0361328125,670
1024,0.17628889915514107,0.9714286393303881,0.20556137256380308,223,0.2177734375,54,0.052734375,671
1024,0.16698612594462608,1.2792110124228404,0.19485047947005357,175,0.1708984375,45,0.0439453125,672
1024,0.15917165619304713,0.9289836652173173,0.1930725178035992,187,0.1826171875,52,0.05078125,673
1024,0.156322146861829,1.3119715186532617,0.18724543273165833,177,0.1728515625,38,0.037109375,674
1024,0.15909607999082753,1.2164804993907228,0.18893519933838732,180,0.17578125,34,0.033203125,675
1024,0.1647425325680788,1.0176957707059748,0.19374250142371596,215,0.2099609375,34,0.033203125,676
1024,0.16313463526591615,0.9671444030560528,0.19451226551537742,197,0.1923828125,45,0.0439453125,677
1024,0.1586305158024811,0.8710889220372259,0.18492546976949453,179,0.1748046875,30,0.029296875,678
1024,0.16050859890738967,0.8520510630844808,0.18916934298930843,186,0.181640625,39,0.0380859375,679
1024,0.15781028032282785,0.9191452156345149,0.18720383132039636,177,0.1728515625,45,0.0439453125,680
1024,0.15149955232540635,0.9977066396896346,0.18277530954785076,179,0.1748046875,32,0.03125,681
1024,0.16627063835962513,0.8515879227973353,0.19817265765233727,210,0.205078125,43,0.0419921875,682
1024,0.1523952504125565,0.939782727559163,0.17762325535406465,157,0.1533203125,31,0.0302734375,683
1024,0.1636337032777837,1.0723518517317232,0.1956394428059501,191,0.1865234375,50,0.048828125,684
1024,0.15970655042586634,0.8781184216847177,0.1822684998710769,165,0.1611328125,35,0.0341796875,685
1024,0.16782517530575697,0.9333283537911359,0.18823571206875508,180,0.17578125,29,0.0283203125,686
1024,0.16380998622714987,1.045514059893098,0.18257174051948633,160,0.15625,31,0.0302734375,687
1024,0.149477089653883,0.9414452604218025,0.17678179807460986,164,0.16015625,32,0.03125,688
1024,0.1618025704678998,1.0795151795952596,0.19256833178680283,189,0.1845703125,48,0.046875,689
1024,0.17477903546238235,0.8323094775048447,0.19814699811520248,203,0.1982421875,45,0.0439453125,690
1024,0.15374358974430902,0.986155975120103,0.18221324235707798,158,0.154296875,36,0.03515625,691
1024,0.16094720996085235,0.853815531903703,0.18695345418846276,175,0.1708984375,32,0.03125,692
1024,0.17851334246646633,0.9378111153718459,0.20885598311529663,232,0.2265625,52,0.05078125,693
1024,0.15839494306996504,1.0727888096682248,0.18794795723304325,186,0.181640625,35,0.0341796875,694
1024,0.17961360103815688,0.9513628210587406,0.20255530438812236,217,0.2119140625,46,0.044921875,695
1024,0.1730587085071421,1.1053633482032479,0.1953818568190493,191,0.1865234375,46,0.044921875,696
1024,0.16839602557743175,1.278186076238179,0.20051919842965216,215,0.2099609375,41,0.0400390625,697
1024,0.16565595994444537,0.9731689159956252,0.19253851285457657,188,0.18359375,39,0.0380859375,698
1024,0.16828273003206287,0.8964849935115208,0.19032353912270905,176,0.171875,29,0.0283203125,699
1024,0.1704099339096487,1.0970795634143014,0.20154794557672176,211,0.2060546875,52,0.05078125,700
1024,0.15273126677993365,0.9145221385509665,0.18529972153280994,185,0.1806640625,44,0.04296875,701
1024,0.16406075454767743,1.2842847746851758,0.18741133221675566,171,0.1669921875,34,0.033203125,702
1024,0.14326609671895962,0.9276749854443684,0.17801591078874182,164,0.16015625,37,0.0361328125,703
1024,0.1621056492575234,0.9048022015625969,0.18971859447290265,197,0.1923828125,36,0.03515625,704
1024,0.16976576264432064,0.9489588303325347,0.1963757091830876,215,0.2099609375,39,0.0380859375,705
1024,0.16693015009025725,0.9865325513984958,0.19615999984078727,203,0.1982421875,48,0.046875,706
1024,0.16081582122814506,0.8396525711552683,0.19187368283545986,198,0.193359375,39,0.0380859375,707
1024,0.16139950726924163,0.9669160399490746,0.1853311137434341,181,0.1767578125,28,0.02734375,708
1024,0.17054870777933417,1.185491425058393,0.19709550343003066,198,0.193359375,45,0.0439453125,709
1024,0.15861835554806913,0.9918548091650344,0.18826425689724474,179,0.1748046875,38,0.037109375,710
1024,0.16608021691293118,0.9230610954103122,0.19586938820164326,199,0.1943359375,42,0.041015625,711
1024,0.16917797705292373,0.8646576313063414,0.1901333698143935,186,0.181640625,30,0.029296875,712
1024,0.1659474803868629,1.0147686777462102,0.188723900412917,164,0.16015625,41,0.0400390625,713
1024,0.1546206259299867,0.9151390621888184,0.1872625946717721,175,0.1708984375,45,0.0439453125,714
1024,0.16189277880588085,1.0233971457070772,0.1860919295566168,181,0.1767578125,30,0.029296875,715
1024,0.16755580021464028,0.9774731782237318,0.1985136856154372,202,0.197265625,46,0.044921875,716
1024,0.16225560769654723,1.1202458590488955,0.19113432627730667,199,0.1943359375,32,0.03125,717
1024,0.17175840975799994,1.1783803910053106,0.1976329451101458,200,0.1953125,40,0.0390625,718
1024,0.17787571779350989,1.3113214037597136,0.20599491250343416,235,0.2294921875,53,0.0517578125,719
1024,0.16699912139190348,1.002466969708479,0.19069551261423223,190,0.185546875,29,0.0283203125,720
1024,0.1800462034618952,1.1613986045932072,0.20492740067780663,213,0.2080078125,53,0.0517578125,721
1024,0.16578520957557255,1.2170753628872872,0.192048410019872,192,0.1875,43,0.0419921875,722
1024,0.1615635126871947,1.0083429220027746,0.1838301024813836,167,0.1630859375,32,0.03125,723
1024,0.16468764397683333,1.2262618224115742,0.18945763126863574,192,0.1875,37,0.0361328125,724
1024,0.1774032371774446,0.8459648974137145,0.20310039938626226,226,0.220703125,45,0.0439453125,725
1024,0.15762205421958447,0.9360591539974474,0.19065803412513316,186,0.181640625,48,0.046875,726
1024,0.1600184596235103,1.036337207890213,0.18951163440353236,179,0.1748046875,33,0.0322265625,727
1024,0.16067282422087636,0.8564121452063057,0.18517316316859778,176,0.171875,34,0.033203125,728
1024,0.1447876060563556,1.0253246157554625,0.1749393848279187,149,0.1455078125,35,0.0341796875,729
1024,0.16268152734289482,1.0994251635079144,0.19004219790630097,199,0.1943359375,38,0.037109375,730
1024,0.17179232912155706,0.951456044219745,0.20219821795141862,210,0.205078125,47,0.0458984375,731
1024,0.16606280720469652,1.0132273865119292,0.1901184885824027,184,0.1796875,44,0.04296875,732
1024,0.16336606133868714,0.8560903998869084,0.19056615964932838,186,0.181640625,47,0.0458984375,733
1024,0.15952870353880583,1.1762696388723846,0.19183923565157415,202,0.197265625,34,0.033203125,734
1024,0.1508934871821292,0.8628775979988631,0.1798392654698852,171,0.1669921875,38,0.037109375,735
1024,0.16298299233453514,0.8608412635326022,0.18524345604967124,184,0.1796875,25,0.0244140625,736
1024,0.16087646168682695,0.9412259241260001,0.19213291140635425,191,0.1865234375,45,0.0439453125,737
1024,0.1644868211858544,1.0945499267565482,0.18944456430735196,196,0.19140625,31,0.0302734375,738
1024,0.16554910522880306,1.0182574440844143,0.20163816368972326,225,0.2197265625,60,0.05859375,739
1024,0.1702607113174799,1.1449801380890603,0.19643266252791788,219,0.2138671875,46,0.044921875,740
1024,0.16477210283801055,1.072552825117677,0.19529508676524715,204,0.19921875,46,0.044921875,741
1024,0.17738311897664527,1.0752931743443115,0.2007053084546579,222,0.216796875,47,0.0458984375,742
1024,0.16982990055878017,0.9200503720856924,0.1932748496320763,204,0.19921875,40,0.0390625,743
1024,0.15300634325993973,0.9548797694047869,0.17957477683999137,170,0.166015625,28,0.02734375,744
1024,0.16095241136593774,0.9396531429771615,0.18841406818392242,183,0.1787109375,39,0.0380859375,745
1024,0.16820292612414495,0.9225006140405432,0.19452602835900967,201,0.1962890625,41,0.0400390625,746
1024,0.16562344686458452,0.9912240566948959,0.19483318845166817,197,0.1923828125,51,0.0498046875,747
1024,0.1711331719524702,0.9844171942621335,0.19219029507710822,191,0.1865234375,36,0.03515625,748
1024,0.15248982754666646,0.9901766161465452,0.18182270741008413,174,0.169921875,30,0.029296875,749
1024,0.170057777503406,1.042081043852748,0.19637201670770535,208,0.203125,52,0.05078125,750
1024,0.15885511458168194,0.9594167957504481,0.19038578911803541,198,0.193359375,39,0.0380859375,751
1024,0.15454272510802686,0.9122030827952524,0.1881714852757848,189,0.1845703125,46,0.044921875,752
1024,0.1710728607167264,1.0393732933243984,0.20042306014765762,201,0.1962890625,51,0.0498046875,753
1024,0.16839782420556298,1.074443214844462,0.19422873642028976,207,0.2021484375,31,0.0302734375,754
1024,0.14762816429065415,1.2343064881395782,0.1800921502259216,185,0.1806640625,31,0.0302734375,755
1024,0.1549443620967945,0.8528442067308403,0.19003895823917716,202,0.197265625,47,0.0458984375,756
1024,0.17020563284031176,1.036443268739209,0.20049889888908556,200,0.1953125,49,0.0478515625,757
1024,0.16041657371868576,1.0457050188820824,0.18921499521948687,192,0.1875,35,0.0341796875,758
1024,0.16330224083327538,1.0029654443038687,0.1917404156546635,181,0.1767578125,34,0.033203125,759
1024,0.17201053838662914,0.891060286252042,0.19212661491107047,192,0.1875,37,0.0361328125,760
1024,0.1690245310983061,0.9247640815112361,0.19448956951420548,201,0.1962890625,41,0.0400390625,761
1024,0.16761800815647637,1.1154965741119336,0.1926595433448797,187,0.1826171875,36,0.03515625,762
1024,0.17203247217343104,0.9796320077258129,0.1957980736341595,198,0.193359375,40,0.0390625,763
1024,0.14788129809465833,1.00613679347103,0.1731203842485491,154,0.150390625,23,0.0224609375,764
1024,0.1685054857596462,0.986430776233161,0.1974012421750081,202,0.197265625,43,0.0419921875,765
1024,0.1589852388888271,0.8752915321334137,0.18817355078048803,196,0.19140625,39,0.0380859375,766
1024,0.1593458917936273,1.1132202841454453,0.18991195101690742,198,0.193359375,28,0.02734375,767
1024,0.16701591990790315,1.309938288404695,0.19653980341425475,199,0.1943359375,37,0.0361328125,768
1024,0.17129021491232307,1.1789242373057502,0.1985123439733138,196,0.19140625,41,0.0400390625,769
1024,0.16944570091452538,1.0101112592063026,0.2004096429273066,215,0.2099609375,53,0.0517578125,770
1024,0.1675259629011795,0.9401242088476313,0.19377423739513688,197,0.1923828125,34,0.033203125,771
1024,0.1683324334525238,1.0265157298464511,0.1966228291344125,211,0.2060546875,47,0.0458984375,772
1024,0.16256072497411522,0.9551240568276029,0.18578226233747758,177,0.1728515625,35,0.0341796875,773
1024,0.17394590264108517,0.8043264942804524,0.1933021041885432,201,0.1962890625,30,0.029296875,774
1024,0.14606406573696906,1.1777525694454345,0.1808204458167308,159,0.1552734375,44,0.04296875,775
1024,0.16275326004431134,0.8473771400745633,0.1913976672925463,204,0.19921875,40,0.0390625,776
1024,0.15422583880903265,0.8858964623801863,0.18367425934521717,176,0.171875,41,0.0400390625,777
1024,0.16274062950778262,0.8384317445718945,0.19218389568346494,197,0.1923828125,40,0.0390625,778
1024,0.17057171487727374,0.944245619215957,0.19427418999242507,187,0.1826171875,43,0.0419921875,779
1024,0.1812855542830769,0.9682910503094718,0.20401363006356163,215,0.2099609375,45,0.0439453125,780
1024,0.16540723999961876,1.0768712848173365,0.18810966731269213,182,0.177734375,37,0.0361328125,781
1024,0.14986336059756938,1.0315206631751968,0.18491983564307019,188,0.18359375,42,0.041015625,782
1024,0.16736995607024704,0.9928907319343897,0.19479162255914326,194,0.189453125,41,0.0400390625,783
1024,0.16596448606391434,1.2157213821672277,0.19257772739922713,206,0.201171875,37,0.0361328125,784
1024,0.1838540661563883,1.1249358931793838,0.20944313798400171,239,0.2333984375,50,0.048828125,785
1024,0.1572346323626007,1.1606713399575244,0.1786576201699791,150,0.146484375,29,0.0283203125,786
1024,0.15752687209539695,1.0090483488547426,0.1817169727114495,172,0.16796875,30,0.029296875,787
1024,0.15838781302243496,1.0640991539592137,0.1861710754456736,183,0.1787109375,41,0.0400390625,788
1024,0.17377375819032698,0.822272775312999,0.19878446246502285,202,0.197265625,43,0.0419921875,789
1024,0.1586201724285405,0.8739742364585028,0.18839062707177318,198,0.193359375,38,0.037109375,790
1024,0.15746282940299666,1.17247142844872,0.18586851257330828,176,0.171875,36,0.03515625,791
1024,0.1626265512038191,1.0381974039206756,0.19355669793216113,194,0.189453125,43,0.0419921875,792
1024,0.16524136160081843,1.0647064430990465,0.1945702002655204,199,0.1943359375,37,0.0361328125,793
1024,0.15283691611256006,0.9018602949862699,0.17996309394460933,179,0.1748046875,26,0.025390625,794
1024,0.16944506239322393,0.8821193535604258,0.19710306366808372,209,0.2041015625,38,0.037109375,795
1024,0.16174844715460912,1.173618178816396,0.19046185170352076,186,0.181640625,41,0.0400390625,796
1024,0.17350804920539162,0.9761221776949784,0.2015971620003565,207,0.2021484375,54,0.052734375,797
1024,0.15385085924628378,0.9967618824022737,0.1874742332576839,182,0.177734375,43,0.0419921875,798
1024,0.15331710164771528,1.0469741405710373,0.1806883646203265,153,0.1494140625,29,0.0283203125,799
1024,0.15153581550880638,1.013139584761627,0.1800906175829491,176,0.171875,28,0.02734375,800
1024,0.16857205154646548,0.9760699206565566,0.19472040591460607,186,0.181640625,49,0.0478515625,801
1024,0.1631032401498667,0.9799713853882897,0.19340649881345345,198,0.193359375,42,0.041015625,802
1024,0.15609955975629564,0.8398674316011611,0.18462879048542116,169,0.1650390625,30,0.029296875,803
1024,0.18036278863161387,0.9667397854899813,0.20295508005543025,225,0.2197265625,47,0.0458984375,804
1024,0.1605309846956467,1.0316200125094137,0.18340093111618994,168,0.1640625,38,0.037109375,805
1024,0.1579314777778949,1.2156554784628177,0.18554808253320598,176,0.171875,40,0.0390625,806
1024,0.15507218750584717,0.9599717622601188,0.1799001430880328,159,0.1552734375,33,0.0322265625,807
1024,0.1501629484979135,1.3411706583584766,0.17634151292490488,160,0.15625,33,0.0322265625,808
1024,0.1540223156659239,0.9351119173223662,0.1821307247566187,175,0.1708984375,36,0.03515625,809
1024,0.17236662757603266,0.8629801763035103,0.19842553304023924,216,0.2109375,34,0.033203125,810
1024,0.1592837668201496,1.0520947786306583,0.18368050445453837,163,0.1591796875,31,0.0302734375,811
1024,0.15847963585782865,1.010409975683017,0.18700587740818034,165,0.1611328125,39,0.0380859375,812
1024,0.17195752615983562,0.8263798201573439,0.19303255307163206,193,0.1884765625,42,0.041015625,813
1024,0.1621783972533598,1.094064880420946,0.19429545300200754,201,0.1962890625,47,0.0458984375,814
1024,0.14629777924961535,0.9072565197482525,0.17680463938108162,169,0.1650390625,28,0.02734375,815
1024,0.16618541589802172,0.942712755812478,0.18885169168537908,192,0.1875,39,0.0380859375,816
1024,0.15740681290927389,0.9557818304902719,0.19028183228953693,184,0.1796875,52,0.05078125,817
1024,0.16368698509997903,1.3667694225938716,0.20199694020989106,215,0.2099609375,51,0.0498046875,818
1024,0.1463351187727758,1.1110465354091446,0.1762251291645618,160,0.15625,30,0.029296875,819
1024,0.15839632381989718,1.088197298124666,0.1834329855581621,181,0.1767578125,32,0.03125,820
1024,0.1639220193525629,1.0514363323934122,0.19410840725351314,194,0.189453125,50,0.048828125,821
1024,0.15860096485309905,1.2081014700615405,0.18749693282711416,191,0.1865234375,43,0.0419921875,822
1024,0.16631593165743752,1.4119310770454452,0.19642501301962811,207,0.2021484375,44,0.04296875,823
1024,0.16421847731184344,1.0031167108486048,0.1900918276806995,182,0.177734375,40,0.0390625,824
1024,0.15512630779469866,1.0360234030888416,0.18194869255651636,177,0.1728515625,31,0.0302734375,825
1024,0.15444337059051474,1.2992751803465963,0.18621929791795516,180,0.17578125,44,0.04296875,826
1024,0.17760181007550804,1.0627922470731472,0.20307288980928134,205,0.2001953125,51,0.0498046875,827
1024,0.16354457124101635,0.8511252179086851,0.19607746784261895,208,0.203125,56,0.0546875,828
1024,0.15488567076446558,0.9642960047271701,0.18648537803862963,186,0.181640625,36,0.03515625,829
1024,0.16618563995943567,1.193257716710786,0.19523371172221388,189,0.1845703125,47,0.0458984375,830
1024,0.1746202930879764,1.0148251141015299,0.19989277983584458,219,0.2138671875,42,0.041015625,831
1024,0.15079436634016002,0.7822074648277508,0.17229008533128737,142,0.138671875,19,0.0185546875,832
1024,0.1719440166219623,1.2617772241837002,0.20380449368490108,200,0.1953125,56,0.0546875,833
1024,0.17184692972033994,0.9707009717823063,0.20129084972074085,210,0.205078125,40,0.0390625,834
1024,0.16365778622899466,1.105389831352253,0.19775880682994063,215,0.2099609375,52,0.05078125,835
1024,0.16111303396027754,0.8629271331673625,0.18814815368759466,183,0.1787109375,36,0.03515625,836
1024,0.17679184355426025,1.080715281278,0.20231412359606527,197,0.1923828125,44,0.04296875,837
1024,0.16339635251967863,1.318122480882266,0.19395499634117805,191,0.1865234375,44,0.04296875,838
1024,0.1571295686534276,1.0150737928711941,0.19226482646921028,204,0.19921875,51,0.0498046875,839
1024,0.1648689275322222,0.9978444109113387,0.18805062726429786,161,0.1572265625,39,0.0380859375,840
1024,0.15555407453935094,0.8058436109841015,0.18085380836196746,187,0.1826171875,31,0.0302734375,841
1024,0.16263973149868083,0.9221269862800324,0.1857857518948909,191,0.1865234375,28,0.02734375,842
1024,0.16367222568664214,1.0288102709416118,0.18987831235825256,184,0.1796875,36,0.03515625,843
1024,0.15679098441847705,0.8817014676885613,0.18291221587647688,171,0.1669921875,36,0.03515625,844
1024,0.18071929917249194,0.925834683329567,0.20102457846930405,196,0.19140625,53,0.0517578125,845
1024,0.1646161490440013,1.164393185666518,0.191997252752226,184,0.1796875,44,0.04296875,846
1024,0.1630551930088895,1.0088241729374026,0.1947329726250307,200,0.1953125,46,0.044921875,847
1024,0.1634071052884214,0.9458032746754645,0.19293285206935318,187,0.1826171875,46,0.044921875,848
1024,0.16662441321015098,1.0664244580953244,0.19161421983799592,181,0.1767578125,48,0.046875,849
1024,0.17581313742372573,1.0461565381799267,0.20457101704068525,225,0.2197265625,54,0.052734375,850
1024,0.1706372407863248,0.9305923103373842,0.1994175922506704,205,0.2001953125,54,0.052734375,851
1024,0.1902095705736963,0.92071117178977,0.21476703010222797,226,0.220703125,61,0.0595703125,852
1024,0.16874755641897793,0.9835572473206136,0.18698595609814808,158,0.154296875,31,0.0302734375,853
1024,0.16213410864973143,0.9077443154100743,0.18685948897252722,179,0.1748046875,39,0.0380859375,854
1024,0.17324750721355814,1.1020463170859285,0.19921573196763825,208,0.203125,43,0.0419921875,855
1024,0.16642601073687463,1.0866613718452447,0.195408677337322,186,0.181640625,40,0.0390625,856
1024,0.14602479544450014,0.914911819574535,0.17791714650556156,160,0.15625,37,0.0361328125,857
1024,0.1705093593237255,1.1133474008722046,0.19991074235842574,211,0.2060546875,40,0.0390625,858
1024,0.15097528107853478,0.8151058682355737,0.18255532204756975,180,0.17578125,35,0.0341796875,859
1024,0.1678518393101737,0.8315137382220489,0.19231840045309512,186,0.181640625,38,0.037109375,860
1024,0.15329321451446798,1.0027158239559615,0.18218277477295713,183,0.1787109375,33,0.0322265625,861
1024,0.17005076721890083,0.9314759798135771,0.19852900831222642,214,0.208984375,40,0.0390625,862
1024,0.15674135357952063,0.8911143250948294,0.18680374194785737,189,0.1845703125,35,0.0341796875,863
1024,0.16476799296196773,1.0437087281611448,0.19005744145232806,185,0.1806640625,37,0.0361328125,864
1024,0.1664509622897088,1.117162724875944,0.19383378990281483,192,0.1875,45,0.0439453125,865
1024,0.16411884082116607,1.0280346577927892,0.1970432671886974,213,0.2080078125,49,0.0478515625,866
1024,0.1481987432047202,1.03640815266898,0.17734631089351488,152,0.1484375,26,0.025390625,867
1024,0.17023886646178482,1.1212360108114943,0.20794972799943204,218,0.212890625,55,0.0537109375,868
1024,0.1675634286302246,1.0206422117745504,0.1918779231335943,188,0.18359375,33,0.0322265625,869
1024,0.14207365698711957,0.9294200937251099,0.16975841129529154,142,0.138671875,25,0.0244140625,870
1024,0.1751909359661462,1.2846243907610417,0.2035053482740224,219,0.2138671875,50,0.048828125,871
1024,0.15284424750299075,1.2283750653213317,0.17999376349544477,164,0.16015625,30,0.029296875,872
1024,0.15699627954130135,1.0172600479644904,0.18687423661330768,176,0.171875,43,0.0419921875,873
1024,0.1732806155322053,1.0927522468288868,0.20623524816375355,242,0.236328125,52,0.05078125,874
1024,0.1577509171163671,1.0361068303022287,0.18746585481936787,171,0.1669921875,37,0.0361328125,875
1024,0.15150854209818188,0.9775198653704311,0.18388169997564244,183,0.1787109375,45,0.0439453125,876
1024,0.17227842182856448,0.8940395480996443,0.20450598027029926,226,0.220703125,61,0.0595703125,877
1024,0.1601069987861829,1.1986765895700777,0.19397210338635246,187,0.1826171875,37,0.0361328125,878
1024,0.14613420575556935,0.98136382784731,0.17305651420473622,142,0.138671875,33,0.0322265625,879
1024,0.16963082608079244,1.2833026081484378,0.19959838704704685,209,0.2041015625,46,0.044921875,880
1024,0.15974561491051428,1.068748584794703,0.1895620770623695,172,0.16796875,40,0.0390625,881
1024,0.1583357637393477,0.9196504183934011,0.18408934741850325,177,0.1728515625,36,0.03515625,882
1024,0.16418932920930474,1.0668124975319309,0.19365031973800306,192,0.1875,51,0.0498046875,883
1024,0.17898947372520974,1.01786503033099,0.2053920611292429,212,0.20703125,53,0.0517578125,884
1024,0.1678420920451008,0.890073682759838,0.1910070545145054,179,0.1748046875,38,0.037109375,885
1024,0.14309410819477897,1.196973680814199,0.17586568733307456,155,0.1513671875,39,0.0380859375,886
1024,0.15757741221358884,0.978829928305428,0.1843557958552792,165,0.1611328125,34,0.033203125,887
1024,0.14586538198717433,1.162778451628508,0.17603476493349202,161,0.1572265625,35,0.0341796875,888
1024,0.17003494169266992,1.0448608222933988,0.1944941704664404,206,0.201171875,33,0.0322265625,889
1024,0.1792462024071013,0.9402610826410538,0.19711638726000752,188,0.18359375,34,0.033203125,890
1024,0.1576111888709334,0.9561524510487446,0.18251837619000838,176,0.171875,32,0.03125,891
1024,0.1706943457978639,1.255877509899612,0.19866512892006172,199,0.1943359375,38,0.037109375,892
1024,0.1595795587506259,0.9494759764916622,0.18964033816877385,181,0.1767578125,48,0.046875,893
1024,0.16227228365994184,1.2203076591904274,0.1888770915773343,181,0.1767578125,36,0.03515625,894
1024,0.17133757493868695,0.9407388768259636,0.19463685702346356,196,0.19140625,40,0.0390625,895
1024,0.16964730375498838,0.9838582437834573,0.19386787077372872,203,0.1982421875,45,0.0439453125,896
1024,0.16474175037094035,1.00835795848,0.19382823742419983,202,0.197265625,46,0.044921875,897
1024,0.1648883584743618,0.8709064300969429,0.18997167823693473,199,0.1943359375,30,0.029296875,898
1024,0.16643990502026523,0.8552649372981973,0.1893909435952413,179,0.1748046875,33,0.0322265625,899
1024,0.16039511144781737,1.0090759568226904,0.18742907292190428,189,0.1845703125,42,0.041015625,900
1024,0.17115806677139944,0.8752036737072556,0.19419038391008422,203,0.1982421875,38,0.037109375,901
1024,0.1751242613508332,0.7684870413275283,0.1934042890652517,183,0.1787109375,34,0.033203125,902
1024,0.15682876650072128,0.9389897004955584,0.18310931712431827,160,0.15625,40,0.0390625,903
1024,0.1411532311187554,1.0858906248427898,0.16980185869829534,154,0.150390625,30,0.029296875,904
1024,0.1748691598007716,1.2459919093641056,0.20258264876381363,217,0.2119140625,48,0.046875,905
1024,0.1703338925140176,0.9365740706971786,0.19335235915624802,185,0.1806640625,46,0.044921875,906
1024,0.17216646015493764,1.281077340432598,0.19665551154032407,200,0.1953125,38,0.037109375,907
1024,0.16540707465967974,1.185689096005674,0.19345725047698686,196,0.19140625,47,0.0458984375,908
1024,0.1756217696997725,0.9626205794644855,0.20022845259074978,236,0.23046875,37,0.0361328125,909
1024,0.1705936605823677,0.8117447674900266,0.19674441686816013,215,0.2099609375,44,0.04296875,910
1024,0.18641820041300533,0.9843019453986541,0.21971851407178036,258,0.251953125,76,0.07421875,911
1024,0.16044320085085492,0.8686462568565693,0.19148033865078123,196,0.19140625,36,0.03515625,912
1024,0.14502582893295612,0.9794981207664613,0.17149424144831238,154,0.150390625,30,0.029296875,913
1024,0.15880417405158392,0.9233982232475015,0.18077012844713103,177,0.1728515625,26,0.025390625,914
1024,0.15963775864087218,1.0170296181147445,0.18741140606839357,174,0.169921875,40,0.0390625,915
1024,0.15510731193487612,1.0435932087677557,0.18047771169066323,156,0.15234375,39,0.0380859375,916
1024,0.1628961305477597,1.1897740053156862,0.19220972310560222,191,0.1865234375,43,0.0419921875,917
1024,0.16095427973280937,0.8738673092544507,0.18654655176764526,178,0.173828125,43,0.0419921875,918
1024,0.1658634779464337,0.8965902592487678,0.19738181276699968,220,0.21484375,47,0.0458984375,919
1024,0.16226616017061166,1.1162235303599628,0.19060022341389546,183,0.1787109375,48,0.046875,920
1024,0.1687392912929721,1.213920252993275,0.20534332917166265,211,0.2060546875,56,0.0546875,921
1024,0.18266953027130425,0.8431590072930387,0.20369267564800714,230,0.224609375,48,0.046875,922
1024,0.1662772134227182,0.8880400932053008,0.18977024147452265,208,0.203125,32,0.03125,923
1024,0.15702717188818952,1.1895460266749325,0.18312599699774995,172,0.16796875,36,0.03515625,924
1024,0.14539636419541146,0.8542291613481906,0.17378492401906862,148,0.14453125,27,0.0263671875,925
1024,0.15761960021584526,0.821222807506807,0.18948674522334247,193,0.1884765625,36,0.03515625,926
1024,0.16658936707683675,1.0774554325633134,0.1958757790361453,203,0.1982421875,41,0.0400390625,927
1024,0.1564508826654889,1.3063384908862665,0.19028901033192985,196,0.19140625,41,0.0400390625,928
1024,0.1611294037050255,0.8239155033659008,0.18974887519333744,198,0.193359375,37,0.0361328125,929
1024,0.17519238168354503,1.0575164212833839,0.19851141696482505,185,0.1806640625,36,0.03515625,930
1024,0.15956092656284848,1.141987500645657,0.18967811599975914,183,0.1787109375,42,0.041015625,931
1024,0.1719287512505805,1.1459371535132115,0.20448588041782664,219,0.2138671875,59,0.0576171875,932
1024,0.15581333774338554,1.142872090256114,0.18576538591054334,179,0.1748046875,37,0.0361328125,933
1024,0.1611270664689347,0.8376104570144127,0.18891185828057278,177,0.1728515625,43,0.0419921875,934
1024,0.1680729114416532,0.9781907898874124,0.19964782933797914,215,0.2099609375,55,0.0537109375,935
1024,0.16712683585128452,0.8953083081217444,0.19580978784304676,214,0.208984375,43,0.0419921875,936
1024,0.16113818294013613,0.7564148521084874,0.18755527363556718,180,0.17578125,31,0.0302734375,937
1024,0.158221779853683,0.8976614140547212,0.1872520729544593,186,0.181640625,37,0.0361328125,938
1024,0.1733567451787177,0.9790692927330439,0.20053085036316187,216,0.2109375,37,0.0361328125,939
1024,0.17100487291825334,1.1120436591780085,0.19982475391713334,207,0.2021484375,43,0.0419921875,940
1024,0.17510262852928227,0.933860497434724,0.20094092122563675,227,0.2216796875,47,0.0458984375,941
1024,0.16320269219028238,0.8598434015715947,0.1904837072519455,182,0.177734375,30,0.029296875,942
1024,0.16269112945700398,1.1267046100298228,0.19165394168763447,185,0.1806640625,41,0.0400390625,943
1024,0.16845384466303878,0.8929141666489706,0.19285344630812679,200,0.1953125,39,0.0380859375,944
1024,0.1544579824894987,1.2445521309502137,0.18678460997203739,183,0.1787109375,35,0.0341796875,945
1024,0.16269525923572523,1.0963921896111963,0.19386894358502438,200,0.1953125,43,0.0419921875,946
1024,0.16601308437799456,0.9226014406748156,0.1952733272038445,217,0.2119140625,37,0.0361328125,947
1024,0.15414174884620865,0.8555897392431381,0.17728358344566536,155,0.1513671875,33,0.0322265625,948
1024,0.15569841218740216,1.1127462258404333,0.18910624947868013,192,0.1875,40,0.0390625,949
1024,0.15657235841570194,1.0333630987991234,0.1854608094815239,171,0.1669921875,43,0.0419921875,950
1024,0.16391496077550696,1.0398070204235286,0.19526150396834552,205,0.2001953125,45,0.0439453125,951
1024,0.17429405284572919,0.9682191011649747,0.20126980330582617,208,0.203125,39,0.0380859375,952
1024,0.16099130034696543,1.0174303972708068,0.18877715168489848,185,0.1806640625,30,0.029296875,953
1024,0.15309685903404419,1.1186534928042533,0.18308403954744493,173,0.1689453125,33,0.0322265625,954
1024,0.16893690575731868,0.9891662092889325,0.19823925056573782,201,0.1962890625,49,0.0478515625,955
1024,0.1657952571092488,0.9127740952860215,0.19352074441694522,201,0.1962890625,40,0.0390625,956
1024,0.1643096626398064,0.9836980529285562,0.1918020622546322,188,0.18359375,38,0.037109375,957
1024,0.16376101631344286,1.0581484066754028,0.19288618116578693,205,0.2001953125,45,0.0439453125,958
1024,0.15760701699373442,0.9427581567821298,0.18977781759048967,187,0.1826171875,46,0.044921875,959
1024,0.17115755579099015,1.082056685876474,0.19366307420792006,205,0.2001953125,31,0.0302734375,960
1024,0.16826753799736247,0.9242957167696114,0.19426729766530218,200,0.1953125,37,0.0361328125,961
1024,0.1677651656728087,0.842420666534668,0.1937027097993013,193,0.1884765625,33,0.0322265625,962
1024,0.15676711843953184,1.0676512301709058,0.18291838856490075,165,0.1611328125,35,0.0341796875,963
1024,0.14979088415823827,1.118974472525665,0.18568119897313107,186,0.181640625,37,0.0361328125,964
1024,0.19403802757439662,0.9019019988103992,0.2109834811997618,238,0.232421875,41,0.0400390625,965
1024,0.16418674825518506,1.0481807209195766,0.1995017318292765,216,0.2109375,47,0.0458984375,966
1024,0.1499609318209581,1.3288733295136048,0.18198752185364991,171,0.1669921875,37,0.0361328125,967
1024,0.16929254833132634,1.1253262035207348,0.1925286610796966,196,0.19140625,37,0.0361328125,968
1024,0.17240709681845437,0.7476155319890008,0.19856979527225121,216,0.2109375,42,0.041015625,969
1024,0.15763876957037604,0.9787329423035097,0.18717519219556095,184,0.1796875,38,0.037109375,970
1024,0.16162726272550235,1.0049573029734495,0.18871980476313427,194,0.189453125,47,0.0458984375,971
1024,0.16156969389692966,0.9185365124712525,0.18648743184710367,174,0.169921875,33,0.0322265625,972
1024,0.1517150610292662,1.09940445764706,0.18164526836209827,171,0.1669921875,41,0.0400390625,973
1024,0.15461013264367024,1.1595707141943508,0.19469655852318715,214,0.208984375,57,0.0556640625,974
1024,0.1625384452396068,1.2371617779445245,0.19230753692863142,193,0.1884765625,43,0.0419921875,975
1024,0.16505333464285765,1.087215402795461,0.18924491435145346,197,0.1923828125,34,0.033203125,976
1024,0.16149276454845696,0.9270448598640875,0.18966299935421102,186,0.181640625,36,0.03515625,977
1024,0.1693171503017501,0.9552710169016401,0.19649257558996694,214,0.208984375,38,0.037109375,978
1024,0.15504816652342784,0.9845247835640165,0.1883218807571669,198,0.193359375,37,0.0361328125,979
1024,0.16936411098809642,1.2719918095339158,0.19423431571649297,198,0.193359375,37,0.0361328125,980
1024,0.1669507477445172,0.8542689977807458,0.19726371402790552,217,0.2119140625,45,0.0439453125,981
1024,0.16590743017689913,1.128216135827643,0.20337794827549607,218,0.212890625,58,0.056640625,982
1024,0.1729765739217191,0.9312084126380864,0.20245653314098588,218,0.212890625,48,0.046875,983
1024,0.1560198088260636,1.0119208017015273,0.18740443504172677,182,0.177734375,41,0.0400390625,984
1024,0.16089513288623275,0.9169922299946996,0.18465142468778661,171,0.1669921875,38,0.037109375,985
1024,0.1776482586639781,1.1251281209264334,0.20797253755219208,244,0.23828125,57,0.0556640625,986
1024,0.182501949434636,0.937704555281832,0.20587223402348992,234,0.228515625,43,0.0419921875,987
1024,0.14633110135080835,0.8338774989637252,0.17640512113313256,175,0.1708984375,26,0.025390625,988
1024,0.17340402551055534,0.8831156603775774,0.1966541313129708,201,0.1962890625,43,0.0419921875,989
1024,0.16740107145382177,1.0277846401146056,0.1978058656855858,220,0.21484375,40,0.0390625,990
1024,0.15158312075386218,1.0176129633150406,0.1833246201437295,201,0.1962890625,30,0.029296875,991
1024,0.15870846282912993,1.0483080658640482,0.18490883244782313,183,0.1787109375,33,0.0322265625,992
1024,0.15927408612228727,0.9328461640781297,0.1843983790597728,170,0.166015625,31,0.0302734375,993
1024,0.17578056222329472,1.061673431293946,0.20292937029668973,218,0.212890625,49,0.0478515625,994
1024,0.16661181400228348,1.1017805311532272,0.19126087823103238,188,0.18359375,35,0.0341796875,995
1024,0.16310242160149152,0.8612774133388914,0.18393297776452747,177,0.1728515625,33,0.0322265625,996
1024,0.15273675946411464,1.1704820260036528,0.1859036923897422,185,0.1806640625,44,0.04296875,997
1024,0.16878750820616054,0.9042318902155986,0.19348587041972837,198,0.193359375,39,0.0380859375,998
1024,0.17784682798791168,0.9874909209723967,0.20954710533971183,236,0.23046875,50,0.048828125,999
1024,0.16717896301840635,0.8156547619022433,0.1961351710567735,208,0.203125,32,0.03125,1000
